0.0889191    0.0842346    0.217739    -0.169179    0.144228    0.911018    0.0587977
0.0833208    0.0852324    0.21584    -0.1694    0.147726    0.91063    0.0588227
0.0774165    0.0862396    0.213829    -0.168776    0.150117    0.910463    0.0588335
0.0712527    0.087329    0.211754    -0.167155    0.149529    0.910757    0.0588145
0.0938747    0.0747105    0.221069    -0.168048    0.140449    0.911539    0.0587641
0.088046    0.0755909    0.219227    -0.164948    0.142005    0.911824    0.0587457
0.0820404    0.0764167    0.217346    -0.166176    0.144367    0.911428    0.0587712
0.0758863    0.0772053    0.215389    -0.167769    0.146471    0.910993    0.0587993
0.0695858    0.077987    0.21333    -0.170205    0.146506    0.91064    0.0588221
0.0631405    0.0787704    0.211183    -0.169952    0.144154    0.910914    0.0588044
0.0565574    0.0795583    0.20907    -0.16672    0.142326    0.91155    0.0587633
0.0498503    0.0803419    0.207    -0.16525    0.141824    0.9118    0.0587472
0.0430673    0.0810869    0.204933    -0.164871    0.14166    0.911867    0.0587429
NEXT
0.0937706    0.0686437    0.222184    -0.168513    0.139815    0.911531    0.0587646
0.0875686    0.0693686    0.22028    -0.164129    0.139337    0.91218    0.0587227
0.0812982    0.0700624    0.218384    -0.165325    0.13981    0.911976    0.0587359
0.0749779    0.0707072    0.216445    -0.167728    0.140901    0.911543    0.0587638
0.0685818    0.0713005    0.214389    -0.172297    0.141088    0.910861    0.0588078
0.062099    0.0718489    0.212227    -0.172178    0.139651    0.91101    0.0587982
0.0555044    0.0723968    0.210133    -0.167312    0.138807    0.911791    0.0587478
0.0488085    0.0729475    0.208118    -0.165284    0.139319    0.912026    0.0587327
0.0420652    0.073487    0.206107    -0.165026    0.139707    0.912026    0.0587327
0.0352768    0.0740114    0.204063    -0.167524    0.14008    0.911647    0.0587571
0.028436    0.074515    0.201915    -0.170853    0.140595    0.911121    0.058791
0.0215359    0.0750046    0.199727    -0.168569    0.140771    0.911435    0.0587707
0.0145659    0.0754912    0.197603    -0.165515    0.140988    0.911842    0.0587445
NEXT
0.100077    0.0627836    0.2253    -0.175459    0.143025    0.910195    0.0588509
0.0936526    0.0632908    0.223193    -0.168622    0.143116    0.911207    0.0587855
0.087189    0.0638739    0.221234    -0.163782    0.14274    0.911912    0.05874
0.0807327    0.0644541    0.219308    -0.164836    0.142479    0.911795    0.0587476
0.0742978    0.0649967    0.217361    -0.167525    0.142336    0.911437    0.0587707
0.0678325    0.0654769    0.215298    -0.172837    0.142347    0.910661    0.0588207
0.0613164    0.0658981    0.213126    -0.172712    0.141693    0.910742    0.0588155
0.05471    0.0663198    0.21104    -0.167308    0.140417    0.911646    0.0587571
0.0480207    0.0667502    0.20905    -0.165209    0.139522    0.912018    0.0587332
0.0413019    0.0671823    0.207067    -0.165029    0.139204    0.912071    0.0587298
0.0345517    0.0676145    0.205054    -0.167336    0.139532    0.911722    0.0587522
0.0277523    0.0680438    0.202943    -0.170381    0.140363    0.911211    0.0587852
0.0208961    0.0684745    0.200792    -0.168279    0.140801    0.911474    0.0587683
0.0139721    0.0689134    0.198695    -0.165543    0.14053    0.911881    0.0587421
0.00703913    0.0693453    0.196627    -0.166219    0.140101    0.911827    0.0587455
0.000156519    0.0697548    0.19456    -0.166989    0.139583    0.911766    0.0587494
-0.00665765    0.0701383    0.192489    -0.168333    0.139049    0.911625    0.0587585
-0.0133928    0.0704929    0.19041    -0.16978    0.138558    0.911461    0.0587691
-0.0200661    0.0708119    0.188312    -0.171394    0.1393    0.911158    0.0587886
-0.0266867    0.0710922    0.186205    -0.17048    0.141498    0.911092    0.0587929
-0.0332754    0.0713273    0.184212    -0.165512    0.142832    0.911669    0.0587557
NEXT
0.100112    0.0572932    0.226437    -0.174543    0.143932    0.910248    0.0588474
0.0934009    0.0576108    0.224292    -0.168334    0.144732    0.911089    0.0587931
0.0867225    0.0580519    0.222296    -0.163994    0.144353    0.911726    0.058752
0.0801194    0.0585236    0.220336    -0.165414    0.143556    0.911612    0.0587593
0.0736007    0.0589846    0.21836    -0.168227    0.14247    0.911325    0.0587779
0.0670827    0.0593987    0.216281    -0.173089    0.142434    0.910615    0.0588237
0.0605368    0.0597655    0.214105    -0.173    0.142828    0.910591    0.0588253
0.053926    0.0601399    0.212008    -0.168219    0.141961    0.911374    0.0587747
0.0472546    0.0605286    0.21    -0.165997    0.140583    0.911813    0.0587464
0.0405626    0.0609225    0.208016    -0.165216    0.139762    0.911995    0.0587347
0.0338447    0.061318    0.206022    -0.166971    0.139738    0.911755    0.0587501
0.0270785    0.061709    0.203945    -0.169482    0.140425    0.911336    0.0587771
0.0202581    0.0620991    0.201829    -0.168081    0.140932    0.91149    0.0587672
0.0133753    0.062495    0.199746    -0.16621    0.140732    0.91177    0.0587492
0.00648713    0.0628854    0.197679    -0.166908    0.140278    0.911715    0.0587527
-0.00711964    0.0636131    0.193541    -0.168913    0.139057    0.911541    0.0587639
-0.0138174    0.0639473    0.191465    -0.169672    0.138634    0.91147    0.0587685
-0.0204793    0.0642693    0.189405    -0.168881    0.139938    0.911467    0.0587687
-0.0271202    0.0645812    0.187376    -0.167311    0.143291    0.911375    0.0587746
-0.0337364    0.0648686    0.185413    -0.164858    0.144842    0.911561    0.0587626
-0.0403218    0.0651229    0.18351    -0.165386    0.1442    0.911553    0.0587632
-0.0468454    0.0653135    0.181567    -0.168728    0.144222    0.911083    0.0587935
-0.0533085    0.0654399    0.179603    -0.167747    0.144468    0.911198    0.058786
-0.0597351    0.0655182    0.17774    -0.164185    0.142891    0.911843    0.0587445
-0.0660236    0.0655419    0.175972    -0.165966    0.140745    0.911803    0.0587471
-0.0719194    0.0654918    0.174245    -0.169884    0.139585    0.911354    0.058776
NEXT
0.099988    0.051597    0.227551    -0.173964    0.142478    0.910478    0.0588326
0.0930576    0.0517703    0.225376    -0.168559    0.142386    0.911285    0.0587804
0.0862181    0.0520952    0.223347    -0.164901    0.141646    0.911865    0.0587431
0.0795078    0.0524767    0.22135    -0.166952    0.140508    0.911688    0.0587545
0.0729311    0.0528724    0.219333    -0.169556    0.138912    0.911462    0.058769
0.0663685    0.0532474    0.217244    -0.172682    0.139316    0.910965    0.0588011
0.0597847    0.0535991    0.215092    -0.172029    0.141546    0.910858    0.058808
0.0531583    0.0539661    0.213009    -0.167855    0.143083    0.911319    0.0587783
0.0464939    0.0543505    0.211003    -0.165985    0.143935    0.911497    0.0587668
0.0398223    0.0547359    0.209013    -0.16557    0.143536    0.911593    0.0587606
0.0331345    0.0551177    0.207012    -0.167184    0.142388    0.91148    0.0587679
0.0264013    0.0554884    0.204943    -0.169383    0.141575    0.911244    0.0587831
0.0196142    0.0558541    0.202847    -0.167593    0.141326    0.911522    0.0587651
0.0127618    0.0562252    0.200797    -0.165124    0.142778    0.911727    0.0587519
0.00590387    0.0565909    0.198761    -0.166234    0.144728    0.911384    0.058774
-0.000899409    0.0569399    0.196708    -0.167472    0.145437    0.91114    0.0587898
-0.00763969    0.057272    0.19464    -0.1688    0.145398    0.910956    0.0588017
-0.0143139    0.0575878    0.192562    -0.16943    0.144887    0.910917    0.0588042
-0.0209695    0.0579041    0.190511    -0.167819    0.143929    0.911241    0.0587832
-0.0276245    0.0582265    0.188506    -0.166376    0.142747    0.911558    0.0587628
-0.0342642    0.0585429    0.186543    -0.165146    0.14198    0.9118    0.0587473
-0.0408833    0.0588472    0.18461    -0.165779    0.141908    0.91172    0.0587524
-0.0474723    0.0591233    0.182635    -0.168286    0.142622    0.911302    0.0587794
-0.054037    0.0593702    0.180629    -0.167924    0.143356    0.911282    0.0587806
-0.0606046    0.0595933    0.178673    -0.165956    0.142305    0.911658    0.0587564
-0.0670533    0.0597838    0.176778    -0.167434    0.140736    0.911599    0.0587602
-0.0730793    0.0599191    0.174954    -0.170255    0.140929    0.911177    0.0587874
-0.0797848    0.0601054    0.172865    -0.170756    0.140534    0.91114    0.0587898
NEXT
0.0997212    0.0457563    0.228617    -0.174105    0.141373    0.910561    0.0588272
0.0926417    0.0458417    0.226406    -0.169068    0.140819    0.911359    0.0587756
0.0856957    0.046087    0.224346    -0.165813    0.140256    0.911869    0.0587428
0.078917    0.0464016    0.222309    -0.168629    0.139345    0.911556    0.058763
0.0723043    0.0467461    0.220244    -0.170709    0.137692    0.911401    0.058773
0.0657018    0.0470993    0.218156    -0.17108    0.138129    0.911308    0.0587789
0.0590688    0.047458    0.216059    -0.169326    0.140883    0.911316    0.0587784
0.05241    0.0478381    0.214032    -0.165684    0.143134    0.911616    0.0587591
0.0457346    0.0482352    0.212063    -0.165144    0.14468    0.911539    0.0587641
0.0390737    0.048624    0.210071    -0.166578    0.144675    0.911342    0.0587768
0.032414    0.0490005    0.208039    -0.168527    0.143445    0.911188    0.0587867
0.0257152    0.0493612    0.205945    -0.170572    0.142264    0.911006    0.0587984
0.018961    0.0497169    0.203852    -0.166791    0.141535    0.911615    0.0587592
0.0121277    0.050085    0.201861    -0.162047    0.142988    0.912117    0.0587268
0.00528501    0.0504488    0.199896    -0.164479    0.145492    0.911548    0.0587635
-0.00149737    0.0507912    0.197878    -0.166943    0.146755    0.91108    0.0587937
-0.00821791    0.0511141    0.195823    -0.168751    0.147302    0.910768    0.0588138
-0.0148778    0.0514195    0.19374    -0.170052    0.147461    0.910563    0.058827
-0.021522    0.0517228    0.191654    -0.169794    0.146129    0.910738    0.0588157
-0.0281692    0.0520312    0.189583    -0.168669    0.14319    0.911192    0.0587864
-0.0348207    0.0523512    0.187576    -0.165761    0.141472    0.911763    0.0587496
-0.0414757    0.0526824    0.185632    -0.165289    0.141746    0.911802    0.0587471
-0.0481256    0.0530114    0.183648    -0.167387    0.142484    0.911442    0.0587703
-0.0547757    0.0533359    0.181621    -0.16783    0.142883    0.911341    0.0587768
-0.0614501    0.0536553    0.179597    -0.167372    0.142027    0.911487    0.0587674
-0.0680149    0.0539602    0.177612    -0.167976    0.14089    0.911508    0.058766
-0.0741369    0.054228    0.175743    -0.168889    0.141673    0.911306    0.0587791
-0.0808915    0.054569    0.173612    -0.171807    0.142787    0.910774    0.0588134
-0.0900147    0.0551605    0.170616    -0.173906    0.140365    0.910684    0.0588192
NEXT
0.099343    0.0398265    0.229647    -0.174489    0.140803    0.910555    0.0588276
0.0921699    0.0398696    0.227409    -0.169114    0.140422    0.911389    0.0587737
0.0851563    0.0400701    0.225341    -0.165729    0.140934    0.911818    0.0587461
0.0783316    0.0403404    0.223287    -0.169416    0.141231    0.911271    0.0587813
0.0716908    0.040644    0.221188    -0.171277    0.140368    0.911079    0.0587937
0.065053    0.0409743    0.219099    -0.169632    0.140366    0.91132    0.0587782
0.0583754    0.0413289    0.217042    -0.167468    0.141597    0.911515    0.0587656
0.051688    0.0417053    0.215043    -0.164962    0.141792    0.911843    0.0587445
0.0450024    0.0420967    0.213085    -0.165325    0.141244    0.911844    0.0587444
0.0383441    0.0424791    0.211091    -0.167334    0.141222    0.911568    0.0587622
0.0316982    0.0428491    0.209049    -0.169236    0.141553    0.911267    0.0587816
0.0250225    0.0432035    0.206949    -0.171087    0.141902    0.910964    0.0588011
0.018297    0.0435548    0.20486    -0.166635    0.141509    0.911639    0.0587576
0.0114934    0.0439231    0.202892    -0.161376    0.140482    0.912439    0.0587061
0.00467821    0.0442901    0.200955    -0.164313    0.140102    0.912087    0.0587288
-0.00208134    0.0446373    0.198956    -0.167049    0.140324    0.911691    0.0587543
-0.00878865    0.0449688    0.19692    -0.168497    0.141326    0.911394    0.0587734
-0.0154475    0.0452874    0.194858    -0.169731    0.143273    0.911032    0.0587968
-0.0220938    0.0456022    0.19277    -0.170551    0.144687    0.910773    0.0588135
-0.0287435    0.0459187    0.190665    -0.169578    0.144967    0.910887    0.0588061
-0.0354108    0.046255    0.188636    -0.165468    0.145035    0.911459    0.0587692
-0.0420973    0.0466132    0.186686    -0.164717    0.14541    0.911523    0.0587651
-0.0487903    0.0469782    0.184683    -0.167419    0.145028    0.911189    0.0587866
-0.0554955    0.0473482    0.182617    -0.168465    0.143609    0.911181    0.0587872
-0.062243    0.0477265    0.180534    -0.168463    0.14229    0.911308    0.0587789
-0.0688884    0.0481037    0.178489    -0.168119    0.141515    0.91143    0.0587711
-0.0750717    0.0484558    0.176599    -0.167489    0.142016    0.911472    0.0587684
-0.0818455    0.048891    0.174469    -0.171406    0.14406    0.91071    0.0588176
-0.090911    0.0495834    0.171462    -0.173875    0.146205    0.910123    0.0588555
NEXT
0.0988657    0.0338248    0.230649    -0.17499    0.140952    0.910463    0.0588335
0.0916479    0.0338648    0.228395    -0.168767    0.140285    0.911452    0.0587697
0.0846006    0.0340516    0.226342    -0.164945    0.140499    0.911965    0.0587366
0.0777487    0.0342987    0.224294    -0.169617    0.140994    0.911264    0.0587818
0.0710839    0.0345713    0.222178    -0.171694    0.140738    0.910983    0.0587999
0.0644155    0.0348749    0.220087    -0.169047    0.140717    0.911372    0.0587748
0.0577011    0.0352088    0.218044    -0.167092    0.141328    0.911592    0.0587606
0.0509925    0.0355598    0.216036    -0.165935    0.141012    0.911782    0.0587484
0.044301    0.0359227    0.214053    -0.166132    0.140045    0.911844    0.0587444
0.0376382    0.0362861    0.212057    -0.167027    0.140121    0.911713    0.0587529
0.030991    0.0366461    0.210034    -0.168604    0.141083    0.911401    0.0587729
0.0243249    0.036996    0.207956    -0.170408    0.142125    0.911043    0.058796
0.0176235    0.0373459    0.205877    -0.167229    0.141983    0.911512    0.0587658
0.0108631    0.0377125    0.203884    -0.163532    0.139771    0.912221    0.0587201
0.00409238    0.0380827    0.201917    -0.165423    0.137779    0.912142    0.0587252
-0.00263987    0.0384431    0.199915    -0.167012    0.137398    0.911955    0.0587372
-0.00933846    0.0387989    0.1979    -0.167275    0.138198    0.911849    0.0587441
-0.0160075    0.0391535    0.195884    -0.167746    0.140026    0.91162    0.0587588
-0.0226711    0.039507    0.193838    -0.169043    0.142339    0.911221    0.0587846
-0.0293403    0.0398612    0.191759    -0.16845    0.144602    0.911085    0.0587933
-0.0360299    0.0402324    0.18974    -0.164843    0.145443    0.911503    0.0587664
-0.0427413    0.0406219    0.187782    -0.165048    0.145086    0.911511    0.0587659
-0.0494578    0.041011    0.185743    -0.168982    0.144207    0.911049    0.0587957
-0.0561887    0.0414009    0.183617    -0.170067    0.142659    0.911042    0.0587961
-0.0629786    0.0418073    0.181484    -0.169405    0.141442    0.911253    0.0587825
-0.0696738    0.0422207    0.179403    -0.168221    0.140819    0.91148    0.0587678
-0.0758885    0.0426139    0.177508    -0.166591    0.141016    0.911691    0.0587543
-0.0826596    0.0430912    0.175412    -0.169702    0.143006    0.911062    0.0587948
-0.0916659    0.0438209    0.172493    -0.171575    0.146733    0.910415    0.0588366
NEXT
0.0983118    0.027766    0.231653    -0.175529    0.141794    0.910301    0.058844
0.0910834    0.0278202    0.229379    -0.169138    0.140472    0.911381    0.0587742
0.0840329    0.0280054    0.227317    -0.165255    0.139076    0.912051    0.0587311
0.0771729    0.0282415    0.225262    -0.170008    0.138687    0.911416    0.058772
0.0704904    0.028497    0.223139    -0.171836    0.138782    0.911139    0.0587899
0.0637947    0.0287838    0.221051    -0.168556    0.139101    0.911589    0.0587609
0.0570465    0.0291021    0.219022    -0.166646    0.139933    0.911783    0.0587484
0.0503145    0.0294343    0.217017    -0.166134    0.14057    0.911796    0.0587475
0.0436111    0.0297764    0.215027    -0.166138    0.14094    0.911761    0.0587498
0.0369402    0.0301245    0.213037    -0.166433    0.141417    0.911676    0.0587552
0.0302898    0.0304752    0.211032    -0.167825    0.142123    0.911415    0.0587721
0.0236302    0.0308215    0.208977    -0.169559    0.143021    0.911081    0.0587936
0.0169496    0.0311705    0.206906    -0.168003    0.14292    0.911313    0.0587786
0.0102319    0.0315339    0.204877    -0.16617    0.140655    0.911783    0.0587483
0.00350503    0.0319055    0.202868    -0.166553    0.138393    0.911933    0.0587387
-0.0032027    0.0322786    0.20086    -0.166756    0.137941    0.911944    0.0587379
-0.00989153    0.0326552    0.198854    -0.166743    0.138013    0.91194    0.0587382
-0.0165627    0.0330363    0.196853    -0.166881    0.137893    0.911931    0.0587388
-0.0232404    0.0334225    0.194839    -0.167288    0.139201    0.911759    0.0587499
-0.0299344    0.0338142    0.192808    -0.166828    0.142156    0.911551    0.0587633
-0.0366442    0.0342156    0.190798    -0.165402    0.142739    0.911693    0.0587541
-0.0433686    0.0346257    0.188803    -0.166654    0.140732    0.911709    0.0587531
-0.0501014    0.0350332    0.186727    -0.17021    0.139832    0.911284    0.0587805
-0.0568541    0.0354406    0.184573    -0.170974    0.13989    0.911167    0.058788
-0.0636735    0.035865    0.182409    -0.170186    0.139502    0.911318    0.0587783
-0.0704027    0.0362971    0.180303    -0.168554    0.138856    0.911611    0.0587594
-0.0766467    0.03671    0.1784    -0.16628    0.138676    0.911946    0.0587378
-0.0834377    0.0372041    0.176326    -0.16848    0.139899    0.911528    0.0587648
-0.0924476    0.0379409    0.173475    -0.16991    0.142613    0.911069    0.0587944
NEXT
0.0976921    0.0216605    0.232665    -0.1758    0.142781    0.910165    0.0588528
0.090481    0.0217429    0.23037    -0.170121    0.141974    0.911099    0.0587924
0.0834541    0.0219349    0.228275    -0.166579    0.139768    0.911807    0.0587468
0.0766025    0.0221703    0.2262    -0.170139    0.139196    0.911352    0.0587761
0.0699051    0.0224232    0.224083    -0.171088    0.140483    0.911096    0.0587926
0.0631846    0.0227042    0.222006    -0.167782    0.141097    0.911517    0.0587655
0.0564067    0.0230136    0.219987    -0.165957    0.140958    0.911784    0.0587483
0.0496503    0.0233363    0.217993    -0.165501    0.14109    0.911835    0.058745
0.0429298    0.0236688    0.216015    -0.165606    0.141495    0.911782    0.0587484
0.0362493    0.0240074    0.214035    -0.166081    0.141733    0.911695    0.058754
0.0295968    0.0243503    0.212041    -0.167412    0.141939    0.91149    0.0587672
0.0229426    0.024694    0.210002    -0.168998    0.142386    0.911223    0.0587845
0.0162796    0.0250425    0.207937    -0.168804    0.142461    0.911243    0.0587831
0.00959878    0.0254029    0.205877    -0.168441    0.141567    0.91138    0.0587743
0.00290988    0.0257749    0.203833    -0.167395    0.140476    0.911629    0.0587583
-0.00377716    0.0261581    0.201818    -0.166477    0.140061    0.911795    0.0587476
-0.0104552    0.0265483    0.199811    -0.166856    0.139995    0.911748    0.0587506
-0.0171212    0.0269435    0.197797    -0.166799    0.139941    0.911761    0.0587498
-0.0238079    0.0273508    0.195799    -0.165366    0.140671    0.911892    0.0587413
-0.0305266    0.027772    0.193821    -0.165006    0.142403    0.911779    0.0587486
-0.0372512    0.0281933    0.191809    -0.166771    0.142155    0.911559    0.0587627
-0.0439779    0.0286118    0.189751    -0.168622    0.139656    0.911529    0.0587647
-0.0507229    0.0290323    0.187645    -0.170157    0.13908    0.91136    0.0587756
-0.0574984    0.0294574    0.185497    -0.170476    0.140384    0.911195    0.0587862
-0.0643398    0.0298936    0.183328    -0.170245    0.141026    0.91117    0.0587879
-0.0710918    0.0303318    0.181206    -0.168593    0.140837    0.911426    0.0587714
-0.0773665    0.0307486    0.179289    -0.166153    0.14025    0.911822    0.0587458
-0.0842032    0.0312407    0.177214    -0.167608    0.140208    0.911623    0.0587586
-0.0932842    0.0319635    0.174387    -0.168697    0.141101    0.911386    0.0587739
NEXT
0.0970326    0.0155384    0.233693    -0.174626    0.143752    0.910253    0.0588471
0.0898524    0.0156636    0.231404    -0.170862    0.14422    0.910774    0.0588134
0.082865    0.0158694    0.229266    -0.168282    0.141706    0.911389    0.0587737
0.0760264    0.016113    0.227179    -0.16919    0.141332    0.911294    0.0587798
0.069305    0.0163766    0.225103    -0.169006    0.144336    0.911032    0.0587967
0.062559    0.0166588    0.223041    -0.167548    0.145334    0.91114    0.0587898
0.0557631    0.0169588    0.220999    -0.166488    0.143561    0.911464    0.0587689
0.0489918    0.0172735    0.21899    -0.165543    0.142296    0.911716    0.0587527
0.0422593    0.0176008    0.21701    -0.165603    0.141919    0.911743    0.0587509
0.0355732    0.017934    0.215026    -0.166324    0.141488    0.911684    0.0587547
0.0289215    0.0182721    0.213027    -0.167595    0.141035    0.911549    0.0587634
0.0222738    0.0186141    0.210991    -0.169021    0.140839    0.911364    0.0587753
0.0156238    0.0189638    0.208934    -0.168758    0.141069    0.911381    0.0587743
0.00896393    0.0193274    0.206884    -0.168167    0.142328    0.911347    0.0587765
0.00229749    0.0197033    0.204847    -0.167219    0.143413    0.911376    0.0587746
-0.00437219    0.0200903    0.202831    -0.166474    0.143178    0.911503    0.0587664
-0.0110417    0.0204867    0.200824    -0.166292    0.143234    0.911523    0.0587651
-0.0177103    0.0208917    0.198822    -0.165709    0.144433    0.911486    0.0587675
-0.0244055    0.0213097    0.196837    -0.164321    0.144993    0.911619    0.0587589
-0.0311352    0.0217407    0.194867    -0.164874    0.144398    0.911603    0.0587599
-0.0378639    0.022166    0.192828    -0.168539    0.142838    0.911245    0.058783
-0.0445883    0.0225833    0.19071    -0.170033    0.140486    0.911251    0.0587827
-0.0513461    0.0230103    0.188591    -0.169078    0.140472    0.91139    0.0587737
-0.0581479    0.0234482    0.186476    -0.168863    0.142789    0.911203    0.0587857
-0.0650114    0.0238909    0.184327    -0.169271    0.144533    0.910975    0.0588005
-0.0717834    0.024329    0.182206    -0.168293    0.145098    0.911058    0.0587951
-0.0780863    0.0247408    0.180268    -0.166765    0.144145    0.911368    0.0587751
-0.0849791    0.025221    0.178157    -0.167818    0.142584    0.911372    0.0587748
-0.0941749    0.0259218    0.175292    -0.168709    0.141228    0.911373    0.0587748
NEXT
0.0963396    0.00939628    0.234732    -0.172535    0.143759    0.910571    0.0588266
0.0892017    0.00957327    0.232468    -0.171459    0.144518    0.910656    0.058821
0.0822637    0.00979834    0.230288    -0.170217    0.142523    0.911033    0.0587967
0.0754421    0.0100564    0.228192    -0.167946    0.141711    0.911436    0.0587707
0.0686934    0.0103394    0.226171    -0.166803    0.143538    0.911422    0.0587716
0.0619233    0.0106296    0.224127    -0.168017    0.144564    0.911151    0.0587891
0.0551172    0.0109241    0.222046    -0.167842    0.143849    0.911246    0.0587829
0.0483378    0.0112349    0.220007    -0.166151    0.142988    0.911566    0.0587623
0.0415987    0.0115612    0.218011    -0.16613    0.142352    0.91163    0.0587582
0.0349116    0.0118923    0.216009    -0.167174    0.141341    0.91158    0.0587614
0.0282637    0.0122281    0.213992    -0.168087    0.140364    0.911541    0.0587639
0.0216211    0.0125711    0.211954    -0.168834    0.140786    0.911396    0.0587733
0.0149773    0.0129251    0.209915    -0.167555    0.142141    0.911451    0.0587697
0.00832442    0.0132962    0.207908    -0.165948    0.143967    0.911499    0.0587667
0.00166816    0.0136773    0.205908    -0.166644    0.145155    0.911285    0.0587805
-0.00498585    0.0140614    0.203886    -0.167259    0.144246    0.911289    0.0587802
-0.0116468    0.0144556    0.201875    -0.165964    0.143148    0.911576    0.0587617
-0.0183211    0.0148644    0.199894    -0.164895    0.143224    0.911715    0.0587527
-0.0250224    0.0152828    0.197915    -0.164853    0.143076    0.911735    0.0587514
-0.0317531    0.0157075    0.195921    -0.166345    0.142234    0.911611    0.0587594
-0.038481    0.0161247    0.193844    -0.17024    0.141644    0.911113    0.0587915
-0.0452054    0.0165345    0.191687    -0.170827    0.141128    0.911075    0.058794
-0.0519742    0.0169596    0.189566    -0.168146    0.140677    0.911504    0.0587663
-0.0587969    0.0174001    0.187483    -0.167532    0.14088    0.911572    0.0587619
-0.0656796    0.0178429    0.185371    -0.16805    0.142384    0.911358    0.0587757
-0.0724712    0.0182771    0.183273    -0.168003    0.144298    0.911179    0.0587873
-0.0788009    0.0186791    0.18132    -0.167934    0.144667    0.911152    0.058789
-0.0857549    0.0191418    0.179156    -0.168945    0.143786    0.911095    0.0587927
-0.095089    0.0198147    0.17621    -0.169743    0.142021    0.91115    0.0587892
NEXT
0.0956229    0.00321885    0.235769    -0.170991    0.143508    0.910825    0.0588101
0.0885357    0.00344278    0.233528    -0.171892    0.144166    0.910627    0.0588229
0.0816454    0.00368893    0.231321    -0.171749    0.142935    0.910768    0.0588138
0.0748451    0.00396217    0.229207    -0.167875    0.141588    0.911458    0.0587693
0.0680847    0.00426233    0.227201    -0.166046    0.141308    0.911739    0.0587511
0.0612973    0.00456718    0.225167    -0.167784    0.142069    0.911425    0.0587714
0.0544761    0.00487285    0.223085    -0.167884    0.143242    0.911299    0.0587795
0.0476872    0.00519165    0.221037    -0.166461    0.143466    0.911477    0.0587681
0.0409449    0.00552251    0.219024    -0.166974    0.142795    0.91147    0.0587685
0.0342618    0.0058537    0.21699    -0.168705    0.141261    0.91137    0.0587749
0.0276205    0.00618863    0.214945    -0.168334    0.139746    0.911562    0.0587626
0.0209756    0.00653842    0.212926    -0.167011    0.141115    0.911623    0.0587586
0.0143259    0.00690279    0.210936    -0.165523    0.14401    0.911553    0.0587632
0.00767314    0.00728053    0.208977    -0.164103    0.145976    0.911549    0.0587634
0.00102492    0.00766122    0.206997    -0.16685    0.146558    0.911113    0.0587915
-0.00561127    0.00803465    0.204946    -0.169183    0.14469    0.910972    0.0588007
-0.0122567    0.0084167    0.202901    -0.167158    0.142052    0.911515    0.0587656
-0.018925    0.00881692    0.200904    -0.165657    0.14022    0.911893    0.0587412
-0.0256252    0.00922612    0.198913    -0.165876    0.13909    0.911965    0.0587366
-0.0323581    0.00963962    0.196902    -0.167114    0.138615    0.911835    0.058745
-0.0390965    0.0100479    0.194824    -0.169992    0.1397    0.911328    0.0587777
-0.0458378    0.0104506    0.192678    -0.170598    0.141644    0.911061    0.0587949
-0.0526098    0.0108615    0.190546    -0.169315    0.140648    0.91134    0.0587769
-0.0594253    0.0112831    0.188438    -0.168028    0.137725    0.911784    0.0587483
-0.0663159    0.011716    0.186352    -0.166313    0.138405    0.911965    0.0587366
-0.0731298    0.0121468    0.184313    -0.166453    0.141782    0.911639    0.0587576
-0.0794886    0.0125426    0.182381    -0.167555    0.143948    0.911277    0.058781
-0.0864995    0.0129907    0.180197    -0.16961    0.144506    0.910928    0.0588034
-0.095952    0.0136319    0.177179    -0.171018    0.142978    0.910872    0.0588071
NEXT
0.0948979    -0.0029968    0.236784    -0.17003    0.14107    0.911197    0.0587861
0.087865    -0.00273054    0.234573    -0.171724    0.142448    0.910819    0.0588105
0.0810107    -0.00245818    0.232368    -0.17209    0.143638    0.910649    0.0588215
0.0742285    -0.00216591    0.230243    -0.168282    0.143546    0.911213    0.0587851
0.067469    -0.00184955    0.228217    -0.166245    0.142401    0.911609    0.0587595
0.0606731    -0.00152467    0.226184    -0.167018    0.142301    0.911511    0.0587659
0.0538382    -0.0011952    0.22412    -0.167247    0.143162    0.911397    0.0587732
0.0470436    -0.00086009    0.222068    -0.167137    0.142633    0.911463    0.058769
0.0403041    -0.000520964    0.220026    -0.16823    0.141    0.911462    0.058769
0.0336259    -0.000184602    0.217962    -0.169922    0.140394    0.911275    0.0587811
0.0269882    0.000154879    0.215898    -0.168193    0.140427    0.91152    0.0587653
0.0203388    0.00051344    0.213901    -0.16532    0.140538    0.91191    0.0587401
0.0136818    0.000887093    0.211955    -0.164262    0.140952    0.912016    0.0587334
0.00702741    0.00126834    0.21003    -0.163446    0.141582    0.912066    0.0587301
0.000384021    0.00164554    0.208062    -0.167535    0.142493    0.91142    0.0587717
-0.00624042    0.00200744    0.20599    -0.170825    0.142953    0.910903    0.0588051
-0.0128732    0.00237394    0.203913    -0.168448    0.142515    0.911289    0.0587802
-0.0195319    0.00275716    0.201889    -0.166732    0.141579    0.911619    0.0587589
-0.0262258    0.00314815    0.199871    -0.166894    0.140171    0.911727    0.058752
-0.0329573    0.00354283    0.197838    -0.167522    0.138382    0.911799    0.0587473
-0.039709    0.00393694    0.195772    -0.168697    0.13845    0.911626    0.0587585
-0.0464754    0.00432925    0.19367    -0.1697    0.140373    0.911309    0.0587789
-0.0532495    0.00471921    0.191534    -0.170817    0.14101    0.911088    0.0587932
-0.0600479    0.00511183    0.189385    -0.168754    0.140095    0.911471    0.0587685
-0.0669367    0.00552624    0.187311    -0.164724    0.139573    0.912079    0.0587293
-0.0737645    0.00594785    0.185321    -0.164958    0.139912    0.912017    0.0587333
-0.0801457    0.00633653    0.18342    -0.166817    0.140499    0.911707    0.0587532
-0.0872006    0.00677049    0.181236    -0.170213    0.141008    0.911176    0.0587875
-0.0967403    0.00737714    0.178171    -0.172277    0.14075    0.910895    0.0588056
NEXT
0.102713    -0.00961558    0.240373    -0.169615    0.137783    0.911552    0.0587632
0.0941879    -0.00925413    0.237747    -0.16924    0.138351    0.911557    0.0587629
0.0872057    -0.00894876    0.235583    -0.170074    0.140448    0.911248    0.0587828
0.080361    -0.00863964    0.233434    -0.170138    0.144217    0.91088    0.0588066
0.0735812    -0.00831919    0.231327    -0.168397    0.145752    0.910978    0.0588003
0.0668298    -0.0079844    0.229268    -0.167301    0.144007    0.911307    0.058779
0.0600372    -0.00763638    0.227217    -0.166792    0.14296    0.91148    0.0587679
0.0532003    -0.00727796    0.225159    -0.167282    0.143214    0.911387    0.0587739
0.0464126    -0.00692436    0.22308    -0.169048    0.141701    0.91128    0.0587807
0.0396861    -0.00657596    0.220986    -0.169608    0.138886    0.911456    0.0587694
0.0330071    -0.00622467    0.218914    -0.16909    0.139261    0.911498    0.0587667
0.0263608    -0.00586877    0.216872    -0.167738    0.141276    0.911506    0.0587662
0.0197138    -0.00550596    0.214866    -0.166437    0.140047    0.911801    0.0587472
0.0130651    -0.00513569    0.212898    -0.165095    0.137333    0.912225    0.0587198
0.00641533    -0.00475725    0.210971    -0.163578    0.136305    0.912517    0.0587011
-0.000228867    -0.00438219    0.209022    -0.166927    0.137529    0.911956    0.0587372
-0.00686102    -0.00402193    0.206986    -0.169498    0.140685    0.91131    0.0587788
-0.0135004    -0.0036635    0.204936    -0.167977    0.143071    0.911302    0.0587793
-0.0201594    -0.00329903    0.202911    -0.167269    0.143516    0.911359    0.0587757
-0.0268459    -0.0029344    0.200864    -0.168639    0.142026    0.911308    0.0587789
-0.0335637    -0.00257144    0.198779    -0.169245    0.13873    0.911523    0.0587651
-0.0403166    -0.00220419    0.196703    -0.16817    0.137374    0.911794    0.0587476
-0.0471011    -0.00183206    0.194639    -0.168319    0.138836    0.911646    0.0587572
-0.053888    -0.00146108    0.192536    -0.169837    0.141234    0.91121    0.0587853
-0.0606897    -0.00108819    0.190406    -0.168512    0.143135    0.91122    0.0587846
-0.0675704    -0.00069812    0.188321    -0.16581    0.141642    0.911741    0.0587511
-0.0743857    -0.000301787    0.186302    -0.166088    0.138345    0.912002    0.0587343
-0.0807679    7.05659e-05    0.18439    -0.167252    0.1368    0.911973    0.0587361
-0.0878412    0.00048687    0.182204    -0.170476    0.136933    0.9115    0.0587666
NEXT
0.10188    -0.0159214    0.241292    -0.169672    0.140361    0.911314    0.0587786
0.0934796    -0.015517    0.238686    -0.169268    0.138968    0.911498    0.0587667
0.0865553    -0.0151781    0.236557    -0.168492    0.138763    0.911627    0.0587584
0.0797118    -0.01483    0.234471    -0.167959    0.140709    0.911528    0.0587648
0.0729276    -0.0144779    0.23239    -0.168819    0.141849    0.911299    0.0587795
0.0661859    -0.0141229    0.230298    -0.168916    0.140938    0.91137    0.0587749
0.0594039    -0.0137527    0.228221    -0.167466    0.139827    0.911678    0.0587551
0.0525758    -0.0133683    0.226156    -0.168116    0.139225    0.91164    0.0587576
0.0458004    -0.0129966    0.224048    -0.170916    0.138651    0.911286    0.0587803
0.0390856    -0.0126362    0.221915    -0.170057    0.138118    0.911459    0.0587692
0.0323993    -0.0122649    0.219864    -0.166767    0.139651    0.911791    0.0587478
0.0257364    -0.0118875    0.217869    -0.166808    0.142321    0.911538    0.0587641
0.0190919    -0.0115219    0.215847    -0.168256    0.142215    0.911345    0.0587766
0.0124559    -0.0111601    0.213831    -0.166373    0.140155    0.9118    0.0587472
0.00581328    -0.0107886    0.21188    -0.163942    0.138508    0.912279    0.0587164
-0.000833528    -0.0104168    0.209941    -0.165519    0.138539    0.912063    0.0587303
-0.007482    -0.0100544    0.207961    -0.16676    0.14077    0.91169    0.0587543
-0.0141357    -0.00970016    0.205957    -0.167051    0.142536    0.911484    0.0587676
-0.0207975    -0.00935359    0.203938    -0.168046    0.142365    0.91136    0.0587756
-0.0274754    -0.0090159    0.201862    -0.170723    0.141084    0.911095    0.0587927
-0.0341755    -0.00868599    0.199722    -0.171176    0.138933    0.911223    0.0587844
-0.0409224    -0.00834709    0.197631    -0.16775    0.138131    0.911788    0.058748
-0.047716    -0.00799629    0.195603    -0.166697    0.139436    0.91182    0.0587459
-0.0545158    -0.00764284    0.193545    -0.168142    0.141021    0.911473    0.0587683
-0.061328    -0.00728677    0.191453    -0.168187    0.142081    0.911367    0.0587751
-0.0682011    -0.00692231    0.189356    -0.167492    0.141842    0.911488    0.0587673
-0.0749965    -0.00655615    0.187295    -0.167492    0.140777    0.911587    0.058761
-0.081364    -0.00620598    0.185361    -0.167696    0.139911    0.911638    0.0587577
-0.0884285    -0.00581383    0.183179    -0.169849    0.139889    0.911332    0.0587774
NEXT
0.101015    -0.0221882    0.242257    -0.17056    0.142724    0.910964    0.0588012
0.0927593    -0.0217492    0.239631    -0.171305    0.139763    0.91113    0.0587904
0.0859108    -0.0213845    0.23749    -0.168588    0.137575    0.911718    0.0587525
0.0790783    -0.0210035    0.235429    -0.166897    0.137953    0.911923    0.0587393
0.0722919    -0.0206222    0.23336    -0.169014    0.138772    0.911552    0.0587632
0.0655559    -0.0202458    0.231253    -0.16988    0.138693    0.911434    0.0587708
0.0587871    -0.019858    0.229153    -0.168585    0.137769    0.911701    0.0587536
0.0519777    -0.0194587    0.227066    -0.169008    0.136593    0.911741    0.058751
0.0452126    -0.019072    0.22495    -0.171009    0.136763    0.911436    0.0587707
0.0384968    -0.0186952    0.22283    -0.168746    0.138054    0.911654    0.0587567
0.0317961    -0.0183034    0.220828    -0.163831    0.140247    0.912138    0.0587255
0.0251136    -0.0179068    0.218893    -0.165314    0.143019    0.911678    0.0587551
0.0184645    -0.0175364    0.216874    -0.169155    0.143752    0.911068    0.0587944
0.0118341    -0.0171805    0.214824    -0.167617    0.142451    0.911413    0.0587722
0.00519739    -0.0168178    0.212835    -0.165328    0.140534    0.91191    0.0587402
-0.00145007    -0.016453    0.210883    -0.164932    0.139557    0.912052    0.058731
-0.00811239    -0.0160907    0.208939    -0.164692    0.140698    0.911981    0.0587356
-0.0147767    -0.0157407    0.206965    -0.166811    0.141766    0.91159    0.0587607
-0.0214357    -0.0154086    0.204936    -0.169234    0.141177    0.911302    0.0587793
-0.0281041    -0.0150909    0.202833    -0.172167    0.140247    0.910958    0.0588016
-0.034791    -0.0147836    0.200663    -0.172101    0.139319    0.911051    0.0587955
-0.0415296    -0.0144633    0.198573    -0.167048    0.139046    0.911806    0.0587468
-0.0483215    -0.0141263    0.19658    -0.165473    0.140026    0.911936    0.0587385
-0.0551236    -0.0137896    0.194551    -0.167464    0.14083    0.911586    0.058761
-0.0619399    -0.0134539    0.192476    -0.167872    0.1411    0.911504    0.0587663
-0.0688125    -0.0131118    0.190392    -0.167281    0.141779    0.911524    0.0587651
-0.0755994    -0.0127694    0.18834    -0.167539    0.142614    0.911408    0.0587725
-0.0819432    -0.0124439    0.186404    -0.168247    0.142448    0.911324    0.0587779
-0.0889711    -0.0120853    0.184236    -0.169141    0.142418    0.911199    0.058786
NEXT
0.100141    -0.0284193    0.243236    -0.171957    0.142833    0.910747    0.0588152
0.0920363    -0.0279462    0.240583    -0.17365    0.140532    0.910708    0.0588177
0.0852646    -0.0275554    0.238424    -0.168667    0.139062    0.911576    0.0587617
0.078441    -0.0271412    0.236381    -0.165451    0.14012    0.911931    0.0587388
0.0716483    -0.0267303    0.23433    -0.168155    0.141803    0.911398    0.0587731
0.0649127    -0.026332    0.232227    -0.169482    0.142673    0.911126    0.0587907
0.0581543    -0.0259293    0.230124    -0.168393    0.143102    0.91124    0.0587833
0.0513633    -0.0255207    0.22803    -0.168534    0.143504    0.911181    0.0587871
0.0446087    -0.0251241    0.225919    -0.169904    0.143914    0.910944    0.0588024
0.0378941    -0.0247366    0.223816    -0.167481    0.143818    0.9113    0.0587795
0.0311901    -0.0243358    0.221833    -0.162785    0.142722    0.912046    0.0587314
0.0245019    -0.0239329    0.219912    -0.165142    0.141676    0.911829    0.0587454
0.0178491    -0.023561    0.21789    -0.16979    0.141404    0.911201    0.0587859
0.0112157    -0.0232075    0.215823    -0.168458    0.141118    0.911419    0.0587718
0.00457507    -0.02285    0.213811    -0.166268    0.140773    0.911758    0.0587499
-0.00207781    -0.0224907    0.211842    -0.165094    0.140274    0.911965    0.0587366
-0.00874722    -0.0221323    0.209901    -0.164437    0.139372    0.912136    0.0587256
-0.0154154    -0.0217869    0.207931    -0.167093    0.139038    0.911801    0.0587472
-0.022072    -0.0214619    0.205897    -0.169682    0.139457    0.911395    0.0587734
-0.0287359    -0.0211527    0.203793    -0.17221    0.140391    0.910938    0.0588028
-0.0354174    -0.0208549    0.201628    -0.171824    0.141412    0.910901    0.0588052
-0.0421468    -0.0205446    0.199546    -0.166741    0.141207    0.911653    0.0587567
-0.0489264    -0.0202186    0.197562    -0.165273    0.140344    0.911934    0.0587386
-0.0557222    -0.0198967    0.195544    -0.167279    0.140287    0.911662    0.0587561
-0.0625386    -0.0195798    0.193479    -0.167579    0.140693    0.911583    0.0587612
-0.0694125    -0.0192586    0.19141    -0.166915    0.140821    0.911664    0.058756
-0.076197    -0.0189398    0.189372    -0.167578    0.14082    0.911571    0.058762
-0.0825245    -0.0186418    0.187443    -0.168827    0.140788    0.911397    0.0587732
-0.0895289    -0.018322    0.185301    -0.167928    0.14177    0.911433    0.0587709
NEXT
0.0992721    -0.0346172    0.244209    -0.173279    0.142895    0.910542    0.0588284
0.0913159    -0.0341057    0.241544    -0.175076    0.14178    0.910373    0.0588393
0.0846115    -0.0336836    0.239386    -0.167982    0.141067    0.911491    0.0587671
0.077788    -0.0332325    0.237374    -0.163458    0.14203    0.912022    0.0587329
0.0709818    -0.0327904    0.235356    -0.166759    0.143643    0.911418    0.0587719
0.0642414    -0.032371    0.233273    -0.168423    0.144628    0.911087    0.0587932
0.0574874    -0.0319549    0.231194    -0.16722    0.145396    0.91118    0.0587872
0.0507089    -0.0315395    0.229128    -0.167574    0.146355    0.911033    0.0587967
0.0439663    -0.0311396    0.22703    -0.169541    0.147015    0.910684    0.0588192
0.0372635    -0.0307528    0.224919    -0.168362    0.146591    0.910897    0.0588055
0.0305776    -0.030361    0.22289    -0.165413    0.143826    0.911586    0.058761
0.0239073    -0.0299711    0.220907    -0.167045    0.140464    0.911679    0.0587551
0.0172557    -0.0296035    0.218861    -0.169945    0.139769    0.911329    0.0587776
0.0106102    -0.0292485    0.216797    -0.168134    0.140473    0.911525    0.058765
0.00395061    -0.0288891    0.214793    -0.165659    0.141234    0.9118    0.0587473
-0.0027164    -0.0285311    0.212816    -0.165876    0.141172    0.911776    0.0587488
-0.00938394    -0.0281805    0.210835    -0.16636    0.139033    0.911903    0.0587406
-0.0160477    -0.0278405    0.208839    -0.16743    0.137602    0.911879    0.0587421
-0.0227058    -0.0275129    0.20682    -0.168606    0.138519    0.911633    0.058758
-0.0293737    -0.0271984    0.204751    -0.170568    0.140616    0.91116    0.0587885
-0.0360593    -0.0268957    0.202631    -0.170524    0.14294    0.910948    0.0588022
-0.0427793    -0.0265877    0.200557    -0.167387    0.142994    0.911393    0.0587735
-0.0495363    -0.0262722    0.198544    -0.166366    0.141056    0.911719    0.0587525
-0.0563188    -0.0259625    0.196517    -0.167197    0.140216    0.91168    0.058755
-0.0631325    -0.0256598    0.194466    -0.167423    0.140356    0.911636    0.0587578
-0.0700055    -0.0253594    0.192398    -0.16739    0.139787    0.911692    0.0587542
-0.0767902    -0.0250675    0.190354    -0.167999    0.13889    0.911686    0.0587546
-0.0831189    -0.0248    0.188428    -0.168854    0.138792    0.911573    0.0587619
-0.0901383    -0.0245218    0.186326    -0.165686    0.140162    0.911895    0.0587411
NEXT
0.0984067    -0.0407915    0.245175    -0.173361    0.142712    0.910547    0.0588281
0.0905847    -0.0402358    0.242549    -0.174418    0.144525    0.910209    0.0588499
0.0839412    -0.0397832    0.240412    -0.167376    0.144774    0.91122    0.0587846
0.0771285    -0.0393058    0.238401    -0.163324    0.143388    0.91191    0.0587401
0.0703214    -0.0388446    0.236376    -0.16712    0.142099    0.911516    0.0587655
0.0635842    -0.0384144    0.234284    -0.169164    0.14071    0.911356    0.0587759
0.0568436    -0.0379964    0.232197    -0.168255    0.13888    0.911651    0.0587568
0.0500869    -0.0375862    0.23013    -0.168427    0.137217    0.911771    0.0587491
0.0433563    -0.0371881    0.228049    -0.169499    0.137832    0.911565    0.0587624
0.0366572    -0.0368011    0.22596    -0.169005    0.139945    0.911448    0.0587699
0.0299829    -0.036418    0.223908    -0.167823    0.140035    0.911608    0.0587596
0.0233253    -0.0360405    0.221879    -0.168144    0.139157    0.911642    0.0587574
0.0166663    -0.0356745    0.219833    -0.168762    0.140271    0.911454    0.0587696
0.00999957    -0.0353148    0.217795    -0.167003    0.14207    0.911535    0.0587643
0.00331637    -0.0349523    0.215804    -0.165016    0.142698    0.911749    0.0587505
-0.00336719    -0.0345947    0.213817    -0.166672    0.142459    0.911544    0.0587637
-0.0100349    -0.03425    0.211794    -0.168133    0.141109    0.911466    0.0587688
-0.0166955    -0.0339122    0.209768    -0.167536    0.140005    0.911652    0.0587568
-0.023355    -0.0335779    0.207761    -0.167406    0.14028    0.911645    0.0587572
-0.0300255    -0.0332532    0.205725    -0.168943    0.141466    0.911317    0.0587784
-0.0367125    -0.0329397    0.203647    -0.169308    0.14297    0.911122    0.0587909
-0.0434218    -0.0326278    0.201586    -0.167875    0.143368    0.911288    0.0587802
-0.0501559    -0.0323165    0.19955    -0.167353    0.142641    0.911432    0.058771
-0.0569212    -0.0320156    0.197506    -0.167665    0.1416    0.911486    0.0587674
-0.0637246    -0.0317265    0.195446    -0.168172    0.140278    0.911537    0.0587642
-0.0705875    -0.0314475    0.193356    -0.168811    0.138453    0.911609    0.0587595
-0.0773665    -0.0311829    0.191285    -0.168992    0.136587    0.911744    0.0587508
-0.0837068    -0.0309442    0.189351    -0.16892    0.135956    0.911807    0.0587468
-0.0907721    -0.0307085    0.187268    -0.164549    0.136039    0.912409    0.058708
NEXT
0.0975433    -0.0469451    0.246128    -0.172022    0.141495    0.910864    0.0588076
0.0898401    -0.04634    0.243597    -0.172036    0.143871    0.910634    0.0588224
0.0832537    -0.0458612    0.2415    -0.167798    0.144482    0.91119    0.0587866
0.076469    -0.045373    0.239448    -0.165857    0.142388    0.911664    0.058756
0.0696787    -0.0449089    0.237364    -0.169401    0.140372    0.911353    0.0587761
0.0629559    -0.0444811    0.235221    -0.171418    0.138844    0.911195    0.0587862
0.0562411    -0.044075    0.233081    -0.170995    0.13655    0.911456    0.0587694
0.04952    -0.0436843    0.230964    -0.169857    0.133897    0.91184    0.0587447
0.0428009    -0.0432927    0.228901    -0.167707    0.13433    0.912113    0.0587271
0.0360911    -0.0429008    0.226883    -0.16716    0.137409    0.911934    0.0587386
0.0294128    -0.0425197    0.224858    -0.167882    0.138698    0.91172    0.0587524
0.0227528    -0.0421479    0.222831    -0.167448    0.138677    0.911783    0.0587483
0.0160745    -0.0417789    0.220822    -0.166478    0.139968    0.911803    0.0587471
0.0093792    -0.0414123    0.218827    -0.165774    0.141629    0.911747    0.0587507
0.00267192    -0.041048    0.216844    -0.165235    0.141895    0.911796    0.0587475
-0.00402856    -0.0406913    0.214841    -0.167394    0.141694    0.911516    0.0587656
-0.0107037    -0.0403475    0.212791    -0.169112    0.141538    0.911286    0.0587804
-0.0173664    -0.0400071    0.210747    -0.167753    0.141186    0.911513    0.0587658
-0.0240256    -0.0396645    0.208738    -0.167032    0.140943    0.911636    0.0587578
-0.0306931    -0.0393286    0.206715    -0.168225    0.141142    0.91145    0.0587698
-0.0373741    -0.0390025    0.204662    -0.168639    0.141612    0.911347    0.0587764
-0.0440706    -0.0386811    0.202615    -0.167818    0.141923    0.911435    0.0587708
-0.0507853    -0.0383654    0.20058    -0.167923    0.142035    0.911409    0.0587724
-0.0575312    -0.0380691    0.198518    -0.16899    0.141332    0.911323    0.058778
-0.0643155    -0.0377934    0.196421    -0.169992    0.139791    0.91132    0.0587782
-0.0711568    -0.0375348    0.194287    -0.170922    0.137997    0.911343    0.0587767
-0.0779216    -0.0372954    0.192173    -0.170346    0.136246    0.911577    0.0587616
-0.0842795    -0.0370812    0.190219    -0.169063    0.135388    0.911834    0.0587451
-0.0914151    -0.036887    0.188119    -0.164979    0.134344    0.912489    0.0587029
-0.101239    -0.0367045    0.185375    -0.16259    0.131906    0.912999    0.0586701
NEXT
0.0966826    -0.0530662    0.247025    -0.172347    0.138982    0.911045    0.0587959
0.0891122    -0.0524206    0.244545    -0.171717    0.137905    0.911233    0.0587838
0.0825927    -0.0519277    0.242474    -0.168914    0.13737    0.911689    0.0587544
0.0758373    -0.0514371    0.240404    -0.167523    0.137004    0.911917    0.0587397
0.0690552    -0.0509728    0.238303    -0.169838    0.137941    0.911506    0.0587662
0.0623291    -0.0505444    0.236163    -0.171365    0.140017    0.911098    0.0587925
0.0556264    -0.0501475    0.23401    -0.171844    0.140811    0.910954    0.0588018
0.0489343    -0.0497756    0.231867    -0.169964    0.14004    0.911301    0.0587794
0.0422268    -0.0493953    0.229824    -0.165459    0.14036    0.911908    0.0587403
0.0355118    -0.0490078    0.227861    -0.165403    0.141917    0.911771    0.0587491
0.028835    -0.0486377    0.225849    -0.168267    0.14168    0.911394    0.0587734
0.0221791    -0.0482802    0.223804    -0.167743    0.139822    0.911639    0.0587576
0.0154909    -0.0479179    0.221795    -0.165992    0.138595    0.911993    0.0587348
0.00877568    -0.0475531    0.219808    -0.165926    0.13796    0.912058    0.0587306
0.00204582    -0.0471905    0.217814    -0.166107    0.13731    0.912089    0.0587286
-0.00467746    -0.0468326    0.215802    -0.167503    0.137519    0.911876    0.0587423
-0.0113732    -0.0464817    0.213761    -0.168523    0.139242    0.911581    0.0587614
-0.0180471    -0.0461323    0.211722    -0.167797    0.14034    0.911584    0.0587611
-0.0247039    -0.0457811    0.209704    -0.167624    0.139782    0.911659    0.0587563
-0.031362    -0.045436    0.207672    -0.168722    0.138869    0.911585    0.0587611
-0.0380295    -0.0450996    0.205614    -0.169042    0.13798    0.911618    0.058759
-0.0447092    -0.044767    0.203571    -0.168042    0.137556    0.911797    0.0587474
-0.0514045    -0.04444    0.201544    -0.16825    0.137828    0.911744    0.0587509
-0.0581311    -0.0441369    0.199479    -0.169702    0.138171    0.911506    0.0587662
-0.0648958    -0.0438595    0.197371    -0.170733    0.138421    0.911334    0.0587773
-0.0717152    -0.043604    0.195227    -0.171491    0.138834    0.911185    0.0587869
-0.0784635    -0.043372    0.193103    -0.170719    0.139102    0.911275    0.0587811
-0.0848299    -0.0431692    0.191135    -0.169336    0.13865    0.911517    0.0587655
-0.0920266    -0.043008    0.188992    -0.166461    0.136631    0.912097    0.0587281
-0.102006    -0.0429083    0.186138    -0.164884    0.13203    0.912683    0.0586904
NEXT
0.0958225    -0.0591512    0.247868    -0.174075    0.138837    0.910796    0.058812
0.0883975    -0.0584754    0.245385    -0.172582    0.138092    0.911088    0.0587932
0.0819563    -0.0579827    0.243323    -0.169164    0.137401    0.91165    0.0587569
0.0752316    -0.0574988    0.241265    -0.167006    0.136561    0.912027    0.0587326
0.0684485    -0.0570369    0.239203    -0.167712    0.137612    0.911839    0.0587447
0.0616994    -0.0566034    0.23713    -0.168776    0.140847    0.911399    0.0587731
0.0549912    -0.0562099    0.235021    -0.17087    0.143254    0.910867    0.0588074
0.0483164    -0.0558521    0.232891    -0.169447    0.143868    0.911015    0.0587979
0.0416207    -0.055487    0.230868    -0.164368    0.143742    0.911736    0.0587514
0.0349106    -0.0551152    0.228926    -0.165303    0.14359    0.911624    0.0587586
0.0282443    -0.0547661    0.226897    -0.169921    0.14278    0.911052    0.0587955
0.0216007    -0.0544319    0.224806    -0.169463    0.141049    0.911281    0.0587807
0.014914    -0.0540863    0.222757    -0.167286    0.139469    0.911735    0.0587514
0.00818929    -0.0537318    0.220736    -0.166958    0.138217    0.911892    0.0587413
0.00143914    -0.053374    0.218713    -0.166891    0.137039    0.912003    0.0587342
-0.00531189    -0.0530126    0.216695    -0.166598    0.13672    0.912071    0.0587298
-0.0120393    -0.0526477    0.214691    -0.166371    0.138082    0.911985    0.0587353
-0.0187319    -0.052284    0.212679    -0.167647    0.139023    0.911724    0.0587521
-0.0253842    -0.0519248    0.210642    -0.168986    0.138091    0.911616    0.0587591
-0.0320283    -0.0515726    0.20858    -0.170017    0.136967    0.911564    0.0587625
-0.0386778    -0.0512275    0.206498    -0.169965    0.136303    0.911628    0.0587583
-0.0453386    -0.0508818    0.204448    -0.168136    0.136153    0.911903    0.0587406
-0.0520149    -0.0505371    0.202432    -0.167847    0.136754    0.911893    0.0587412
-0.0587227    -0.0502148    0.200385    -0.169124    0.137673    0.911632    0.058758
-0.065468    -0.0499179    0.198299    -0.169952    0.138612    0.911431    0.058771
-0.0722642    -0.049645    0.196182    -0.170527    0.139326    0.911284    0.0587805
-0.078991    -0.0493999    0.194082    -0.170332    0.139757    0.911273    0.0587812
-0.0853513    -0.049192    0.192112    -0.169847    0.139932    0.911328    0.0587777
-0.0925895    -0.0490493    0.189917    -0.168574    0.138994    0.911595    0.0587604
-0.102707    -0.049016    0.186921    -0.167906    0.135701    0.911973    0.0587361
NEXT
0.105238    -0.0664481    0.25223    -0.174395    0.135792    0.911008    0.0587983
0.0949493    -0.0651953    0.248731    -0.172761    0.140581    0.910838    0.0588093
0.0876272    -0.0644879    0.246312    -0.170705    0.144151    0.910804    0.0588115
0.0812616    -0.0640087    0.24428    -0.169251    0.144706    0.910961    0.0588014
0.0745987    -0.0635575    0.2422    -0.16815    0.141375    0.911439    0.0587705
0.0678433    -0.0631206    0.240143    -0.166423    0.139636    0.91184    0.0587446
0.061084    -0.0626948    0.238129    -0.166277    0.141539    0.911686    0.0587546
0.0543702    -0.0623075    0.236074    -0.169336    0.143977    0.91102    0.0587975
0.0477044    -0.061959    0.233975    -0.168908    0.145418    0.910938    0.0588028
0.0410209    -0.0616083    0.231953    -0.16507    0.144527    0.911564    0.0587625
0.0343225    -0.0612539    0.229989    -0.166421    0.142422    0.911583    0.0587612
0.0276608    -0.0609172    0.22794    -0.170696    0.141877    0.911024    0.0587972
0.0210141    -0.0605903    0.225833    -0.169895    0.142184    0.911112    0.0587916
0.0143181    -0.0602491    0.22377    -0.167455    0.142384    0.911442    0.0587703
0.00757928    -0.0598968    0.221729    -0.16743    0.14228    0.911455    0.0587695
0.000812792    -0.0595401    0.219672    -0.167837    0.141079    0.911511    0.0587659
-0.00595648    -0.0591763    0.217626    -0.166694    0.139438    0.911821    0.0587459
-0.0127036    -0.0588027    0.215619    -0.165964    0.138319    0.912021    0.058733
-0.0194068    -0.0584299    0.213597    -0.168512    0.137323    0.91175    0.0587505
-0.0260548    -0.0580646    0.211528    -0.170476    0.135793    0.911596    0.0587604
-0.0326921    -0.057702    0.209446    -0.17039    0.13527    0.911651    0.0587568
-0.0393371    -0.0573396    0.207368    -0.169444    0.136399    0.911695    0.058754
-0.0459912    -0.0569731    0.205333    -0.167282    0.137634    0.911897    0.058741
-0.0526566    -0.0566045    0.203339    -0.166864    0.138818    0.911852    0.0587439
-0.0593451    -0.0562546    0.201314    -0.168189    0.139916    0.911567    0.0587622
-0.0660605    -0.0559276    0.199246    -0.169542    0.140515    0.911319    0.0587782
-0.0728098    -0.0556263    0.197135    -0.170991    0.139661    0.911185    0.0587869
-0.0794838    -0.055354    0.195036    -0.170427    0.138234    0.911395    0.0587734
-0.0858141    -0.0551178    0.193083    -0.168873    0.139091    0.911544    0.0587637
-0.0930661    -0.0549564    0.190895    -0.168523    0.141303    0.911392    0.0587735
-0.103274    -0.0549308    0.187855    -0.168471    0.142917    0.911247    0.0587829
NEXT
0.104309    -0.0725376    0.252944    -0.171212    0.132421    0.911757    0.05875
0.0940719    -0.0711791    0.249602    -0.169215    0.138811    0.91152    0.0587653
0.0868035    -0.0704525    0.24731    -0.167592    0.143103    0.911354    0.058776
0.0805065    -0.070005    0.24533    -0.17049    0.144574    0.910794    0.0588121
0.0739326    -0.0696128    0.243205    -0.171568    0.142123    0.910873    0.0588071
0.0672358    -0.0692248    0.241122    -0.166732    0.139824    0.911781    0.0587485
0.0604873    -0.0688239    0.239144    -0.164788    0.139936    0.912038    0.0587319
0.053775    -0.0684503    0.237137    -0.167917    0.141253    0.911483    0.0587677
0.0471122    -0.0681095    0.235079    -0.168614    0.14263    0.911254    0.0587824
0.0404388    -0.0677712    0.233046    -0.167004    0.142289    0.911514    0.0587657
0.0337532    -0.0674319    0.231032    -0.168029    0.140853    0.911505    0.0587663
0.0270874    -0.0670971    0.228966    -0.170482    0.140561    0.911178    0.0587873
0.0204226    -0.0667619    0.226872    -0.169278    0.140976    0.911315    0.0587785
0.0137057    -0.0664129    0.224819    -0.166893    0.141412    0.911612    0.0587593
0.00694658    -0.0660542    0.222778    -0.167684    0.141963    0.91145    0.0587698
0.000164707    -0.0656936    0.220696    -0.168946    0.142173    0.91125    0.0587827
-0.00661561    -0.065327    0.21861    -0.167915    0.141484    0.911462    0.058769
-0.01337    -0.0649503    0.216559    -0.167404    0.139774    0.911691    0.0587543
-0.0200762    -0.0645742    0.214494    -0.169965    0.138234    0.911462    0.058769
-0.0267226    -0.0642049    0.212384    -0.171436    0.137159    0.911339    0.0587769
-0.0333623    -0.0638296    0.210293    -0.169608    0.136915    0.911628    0.0587583
-0.0400165    -0.0634437    0.208245    -0.167754    0.137884    0.911809    0.0587466
-0.0466753    -0.0630514    0.206241    -0.166047    0.138684    0.911977    0.0587358
-0.0533369    -0.0626566    0.204268    -0.16605    0.139116    0.911939    0.0587383
-0.0600041    -0.0622743    0.202261    -0.167743    0.139362    0.911681    0.0587549
-0.0666766    -0.0619089    0.200204    -0.170029    0.139305    0.911358    0.0587757
-0.0733523    -0.0615666    0.19808    -0.17268    0.138802    0.911011    0.0587981
-0.0799374    -0.0612481    0.195965    -0.170689    0.138099    0.911368    0.0587751
-0.0862032    -0.0609544    0.194045    -0.166656    0.138865    0.911877    0.0587423
-0.0934217    -0.0607266    0.191913    -0.16706    0.140317    0.91169    0.0587543
-0.103634    -0.0606304    0.188906    -0.16767    0.140514    0.911586    0.058761
NEXT
0.103507    -0.078376    0.253607    -0.168299    0.130098    0.912352    0.0587117
0.0932319    -0.077032    0.250391    -0.166688    0.135068    0.912196    0.0587218
0.0859779    -0.0763574    0.248198    -0.165779    0.13787    0.912086    0.0587288
0.0797347    -0.0759799    0.246276    -0.170978    0.139795    0.911175    0.0587875
0.0732446    -0.075663    0.244164    -0.173252    0.140203    0.910798    0.0588118
0.06662    -0.0753402    0.242083    -0.167732    0.138905    0.911723    0.0587522
0.0599158    -0.0749881    0.240109    -0.165274    0.137064    0.912224    0.0587199
0.0532265    -0.0746474    0.238121    -0.167647    0.136578    0.911936    0.0587385
0.046569    -0.0743248    0.236092    -0.168351    0.137301    0.911775    0.0587488
0.0398941    -0.0739964    0.234068    -0.167463    0.138148    0.911827    0.0587455
0.0332018    -0.07366    0.232044    -0.168491    0.138968    0.911609    0.0587595
0.026523    -0.0733217    0.229968    -0.170724    0.139075    0.911277    0.0587809
0.0198401    -0.0729791    0.227866    -0.169384    0.138477    0.911525    0.058765
0.0131026    -0.0726243    0.225812    -0.166829    0.138206    0.911911    0.0587401
0.0063202    -0.0722593    0.223779    -0.167137    0.138996    0.911798    0.0587474
-0.000488374    -0.0718879    0.221716    -0.167721    0.141318    0.911505    0.0587663
-0.00729029    -0.0715113    0.219634    -0.168191    0.142976    0.911281    0.0587807
-0.0140528    -0.0711311    0.217546    -0.169034    0.14186    0.911267    0.0587816
-0.0207646    -0.0707534    0.21544    -0.170717    0.140598    0.91114    0.0587898
-0.0274209    -0.0703814    0.213312    -0.171324    0.140613    0.91105    0.0587956
-0.0340725    -0.069998    0.211216    -0.168994    0.140583    0.911392    0.0587735
-0.0407387    -0.0695974    0.209175    -0.167137    0.140309    0.91168    0.058755
-0.0474026    -0.0691902    0.20717    -0.166074    0.139585    0.911893    0.0587412
-0.0540583    -0.0687799    0.205188    -0.166577    0.138475    0.911922    0.0587394
-0.0606963    -0.0683711    0.203169    -0.168628    0.137261    0.911739    0.0587512
-0.0673114    -0.067964    0.201104    -0.170641    0.136248    0.911534    0.0587644
-0.0738896    -0.0675564    0.198999    -0.172481    0.137084    0.91119    0.0587866
-0.0803468    -0.0671502    0.196921    -0.170054    0.138771    0.911402    0.0587729
-0.0864803    -0.0667501    0.195037    -0.165961    0.139134    0.911949    0.0587376
-0.0935486    -0.0663834    0.192919    -0.168117    0.137269    0.911811    0.0587465
-0.10357    -0.0660932    0.189875    -0.1699    0.131411    0.912025    0.0587327
NEXT
0.102798    -0.0838043    0.254241    -0.16514    0.134215    0.912478    0.0587036
0.0924488    -0.0826458    0.251131    -0.16428    0.137963    0.912281    0.0587162
0.0851876    -0.0821099    0.24901    -0.164395    0.139568    0.912124    0.0587264
0.0789833    -0.0818392    0.247146    -0.17008    0.14089    0.911207    0.0587855
0.0725641    -0.0816068    0.245088    -0.172917    0.141725    0.910708    0.0588177
0.0660126    -0.081354    0.243033    -0.168444    0.141411    0.911394    0.0587734
0.05937    -0.0810601    0.241052    -0.1662    0.140668    0.911778    0.0587487
0.052716    -0.0807616    0.239063    -0.167462    0.140397    0.911626    0.0587584
0.0460657    -0.0804646    0.23705    -0.167592    0.140437    0.911604    0.0587598
0.0393824    -0.0801474    0.235042    -0.166639    0.140233    0.911756    0.05875
0.0326709    -0.0798112    0.233028    -0.168099    0.139991    0.911573    0.0587618
0.0259719    -0.0794729    0.230945    -0.170972    0.140032    0.911155    0.0587889
0.019269    -0.0791325    0.228825    -0.169713    0.139779    0.911361    0.0587755
0.0125125    -0.0787854    0.226756    -0.167157    0.138737    0.911818    0.0587461
0.00570819    -0.0784282    0.224724    -0.166303    0.13789    0.912012    0.0587336
-0.00113102    -0.0780556    0.222698    -0.165585    0.13839    0.912067    0.0587301
-0.00796107    -0.0776778    0.220646    -0.168167    0.13935    0.911622    0.0587587
-0.0147381    -0.077305    0.218536    -0.170541    0.139387    0.911276    0.058781
-0.021467    -0.0769382    0.21641    -0.170723    0.139791    0.911213    0.0587851
-0.0281526    -0.0765772    0.214294    -0.170378    0.141484    0.911108    0.0587919
-0.0348323    -0.0762041    0.212204    -0.168869    0.142215    0.911257    0.0587822
-0.0415197    -0.0758124    0.210146    -0.167729    0.141393    0.911497    0.0587668
-0.048195    -0.0754105    0.208116    -0.166983    0.140376    0.911695    0.058754
-0.0548484    -0.0749992    0.206104    -0.167685    0.139595    0.911668    0.0587558
-0.0614522    -0.0745696    0.204056    -0.169886    0.138783    0.911425    0.0587714
-0.0679944    -0.0741149    0.201976    -0.17069    0.137949    0.911381    0.0587742
-0.074446    -0.0736161    0.199914    -0.170469    0.138711    0.911347    0.0587765
-0.0807285    -0.0730769    0.197915    -0.168661    0.1404    0.911456    0.0587694
-0.0866565    -0.0725114    0.19607    -0.166257    0.14085    0.911753    0.0587503
-0.0934498    -0.0719092    0.193945    -0.170184    0.139681    0.911302    0.0587794
NEXT
0.0917598    -0.0877722    0.251925    -0.162631    0.144149    0.911928    0.058739
0.0845119    -0.0874863    0.249873    -0.163925    0.144234    0.911747    0.0587506
0.0783336    -0.087351    0.248049    -0.169587    0.144419    0.91094    0.0588027
0.0719607    -0.0871969    0.246029    -0.17237    0.144756    0.910497    0.0588313
0.0654552    -0.0869924    0.244008    -0.167705    0.145391    0.911112    0.0587916
0.0588493    -0.0867291    0.242056    -0.165352    0.147012    0.911273    0.0587812
0.052217    -0.0864553    0.240083    -0.166911    0.14787    0.910968    0.0588009
0.0455731    -0.0861807    0.238069    -0.167626    0.147211    0.910937    0.0588029
0.038888    -0.0858861    0.23604    -0.167515    0.145045    0.911174    0.0587876
0.0321666    -0.0855728    0.233993    -0.168718    0.142304    0.91127    0.0587814
0.0254446    -0.0852585    0.231902    -0.170473    0.141954    0.91105    0.0587956
0.0187125    -0.0849474    0.229784    -0.169881    0.142595    0.911075    0.058794
0.0119386    -0.0846458    0.227688    -0.168743    0.140749    0.911413    0.0587722
0.00512344    -0.0843426    0.225618    -0.167564    0.137524    0.911867    0.0587429
-0.00172942    -0.0840196    0.223573    -0.166341    0.134784    0.912267    0.0587172
-0.0085802    -0.0836891    0.221519    -0.168502    0.133768    0.912045    0.0587315
-0.0153892    -0.083364    0.21942    -0.17012    0.135079    0.911706    0.0587533
-0.0221659    -0.0830481    0.217326    -0.168978    0.137752    0.911647    0.0587571
-0.028917    -0.0827431    0.215266    -0.168165    0.141396    0.911435    0.0587708
-0.035658    -0.082431    0.213201    -0.168716    0.143158    0.911189    0.0587866
-0.0423935    -0.0821031    0.211119    -0.168736    0.142056    0.911291    0.05878
-0.049104    -0.0817464    0.209066    -0.167465    0.141058    0.911565    0.0587624
-0.0557745    -0.0813543    0.207042    -0.167941    0.141144    0.91149    0.0587672
-0.062347    -0.0809072    0.204985    -0.170305    0.141318    0.911134    0.0587902
-0.0687988    -0.0803923    0.202907    -0.170386    0.141074    0.911145    0.0587895
-0.0750813    -0.0797738    0.20089    -0.168907    0.141398    0.911329    0.0587776
-0.0811243    -0.0790532    0.19896    -0.167392    0.142325    0.911456    0.0587694
-0.0867677    -0.0782431    0.197164    -0.165733    0.14306    0.911617    0.0587591
-0.0931573    -0.0772558    0.195087    -0.169249    0.144376    0.910993    0.0587992
NEXT
0.0910839    -0.0932899    0.252873    -0.162836    0.143695    0.911945    0.0587379
0.0840812    -0.0935496    0.250984    -0.164866    0.142623    0.911777    0.0587487
0.0779141    -0.0936248    0.249187    -0.170309    0.141536    0.911113    0.0587915
0.0715243    -0.0935477    0.247167    -0.172601    0.140685    0.910853    0.0588083
0.0649931    -0.0933551    0.245161    -0.16653    0.141149    0.911687    0.0587545
0.0583613    -0.0930706    0.243252    -0.163731    0.143316    0.911863    0.0587432
0.0517075    -0.0927836    0.241304    -0.166484    0.145205    0.911302    0.0587794
0.0450474    -0.0925152    0.239285    -0.168551    0.145919    0.910939    0.0588028
0.0383507    -0.0922517    0.237214    -0.169982    0.144773    0.910848    0.0588086
0.031616    -0.091992    0.235107    -0.170101    0.142567    0.911046    0.0587959
0.0248579    -0.0917425    0.233015    -0.169215    0.14276    0.911156    0.0587888
0.0180781    -0.091511    0.230928    -0.169818    0.144241    0.910925    0.0588037
0.0112771    -0.0913158    0.228809    -0.171102    0.143357    0.910823    0.0588102
0.0044494    -0.0911363    0.226679    -0.17022    0.140655    0.911208    0.0587854
-0.00241373    -0.0909384    0.224572    -0.169052    0.137546    0.911654    0.0587567
-0.00929209    -0.0907304    0.222489    -0.168434    0.135846    0.911886    0.0587417
-0.0161654    -0.0905213    0.220427    -0.167483    0.137068    0.911918    0.0587397
-0.0230389    -0.0903235    0.218409    -0.165399    0.1397    0.911976    0.0587359
-0.0299152    -0.090144    0.216442    -0.164567    0.143014    0.91178    0.0587485
-0.0367808    -0.0899642    0.214429    -0.167607    0.145696    0.911095    0.0587927
-0.0436276    -0.089772    0.212338    -0.168905    0.146611    0.910817    0.0588106
-0.0504291    -0.0895191    0.210269    -0.167198    0.146452    0.911076    0.058794
-0.0571613    -0.0891866    0.208237    -0.167479    0.146275    0.911054    0.0587953
-0.0637225    -0.0887374    0.206182    -0.169802    0.146584    0.910691    0.0588188
NEXT
0.0779239    -0.102444    0.250872    -0.172012    0.139399    0.911058    0.0587951
0.071393    -0.102451    0.248783    -0.173639    0.13794    0.910941    0.0588026
0.0646954    -0.102212    0.24673    -0.164993    0.138278    0.912157    0.0587242
0.0579181    -0.101819    0.244837    -0.160875    0.140495    0.912503    0.058702
0.0511543    -0.10145    0.242914    -0.164556    0.142842    0.911798    0.0587474
0.0444212    -0.101152    0.240906    -0.168338    0.144473    0.911114    0.0587915
0.0376752    -0.100923    0.238801    -0.172236    0.144199    0.910572    0.0588264
NEXT
