-0.0032828    -0.0451816    0.290265    -0.0958931    -0.388351    0.0376751    0.912494
NEXT
0.154096    -0.0307438    0.305121    0.0375711    -0.071149    0.0345057    0.995662
0.140914    -0.0325659    0.304438    0.0886417    0.0451258    0.0507926    0.993512
0.127646    -0.0346351    0.30685    0.0634343    0.126946    0.0658919    0.987621
0.113965    -0.0368321    0.310689    -0.0269849    0.144878    0.068079    0.986732
0.100379    -0.0387845    0.316144    -0.0555067    0.228809    0.0555059    0.970364
0.0870371    -0.0405711    0.322663    -0.0471495    0.190221    0.0460449    0.979443
0.0732776    -0.0423458    0.326723    -0.0625005    0.0785935    0.0395481    0.993897
0.0593424    -0.0441488    0.327103    -0.100323    -0.0500146    0.0342601    0.992718
NEXT
-0.00589067    -0.0352065    0.28848    0.00788189    -0.305702    0.058387    0.948098
0.00713193    -0.0354637    0.30046    -0.0689899    -0.39641    -0.0103323    0.915905
0.019008    -0.0356183    0.312073    -0.0553265    -0.330207    0.00534492    0.942465
0.0315889    -0.0351495    0.31951    -0.0740402    -0.19588    0.0196235    0.977744
0.0450096    -0.034583    0.323318    -0.0651247    -0.0909203    0.02709    0.993371
0.0588367    -0.0335188    0.325266    -0.0695789    -0.0579011    0.0473961    0.994754
0.0725729    -0.0318937    0.325378    -0.0738011    0.0583774    0.0562799    0.993975
0.0860379    -0.0302615    0.32154    -0.0833593    0.194573    0.0651369    0.97528
0.0993128    -0.0285966    0.315076    -0.0778652    0.216551    0.0618071    0.971346
0.112811    -0.0268876    0.310299    -0.0361374    0.108784    0.0611553    0.991532
0.126709    -0.0250685    0.308038    0.0339672    0.0687897    0.0591956    0.99527
0.140359    -0.0232217    0.306051    0.0608289    0.0621565    0.0504135    0.994835
0.153879    -0.0216132    0.305797    0.0283222    -0.0366495    0.0387458    0.998079
NEXT
0.153181    -0.0117082    0.305765    -0.0324111    -0.0282876    0.0414022    0.998216
0.139492    -0.0131783    0.306515    -0.019547    0.0681021    0.055121    0.995937
0.125607    -0.0149831    0.308316    -0.00365362    0.0401015    0.058275    0.997476
0.111653    -0.0168282    0.309945    0.00964822    0.103314    0.0588394    0.992804
0.0981712    -0.0188144    0.314403    0.0221482    0.205053    0.0535891    0.976929
0.0847347    -0.0206249    0.320666    0.000723905    0.203478    0.0505841    0.977755
0.0714546    -0.0221877    0.324227    -0.0336422    0.0429441    0.0548933    0.996997
0.0578062    -0.0236935    0.324386    -0.0025138    -0.0224506    0.0534502    0.998289
0.0441093    -0.0244101    0.322801    0.0458149    -0.0962966    0.0368972    0.993245
0.0306276    -0.0246972    0.318946    0.0926604    -0.176292    0.0554469    0.977708
0.0181225    -0.0252095    0.312517    0.189721    -0.313003    0.0687956    0.928541
0.00688915    -0.0251078    0.300377    0.117798    -0.410721    0.034067    0.904173
-0.00772385    -0.0252942    0.288213    0.00703157    -0.266826    0.0392933    0.962509
NEXT
-0.00890428    -0.0152481    0.288203    0.0316084    -0.325032    0.0299262    0.944166
0.00464703    -0.0158119    0.303188    0.181262    -0.47255    0.0627958    0.860823
0.0150826    -0.0165824    0.316356    0.190521    -0.280217    0.0822018    0.935201
0.0285384    -0.0159989    0.320894    0.074405    -0.111429    0.0697241    0.987851
0.0428038    -0.0150463    0.323909    0.0419399    -0.085751    0.0465182    0.994241
0.0566299    -0.0138776    0.324944    0.0446425    0.018721    0.0545911    0.997335
0.0704973    -0.0122782    0.324163    0.0144719    0.0387564    0.0521092    0.997779
0.0840588    -0.0108265    0.321325    0.0227198    0.168503    0.0460378    0.984349
0.0976007    -0.00898613    0.315921    0.0882483    0.196912    0.054381    0.97485
0.110823    -0.00675803    0.311196    0.095602    0.138544    0.0589342    0.983871
0.124606    -0.00491356    0.308986    0.0836436    0.0521866    0.0515469    0.993788
0.138607    -0.00334579    0.307375    0.1469    0.0679553    0.0464764    0.985733
0.152417    -0.00196826    0.306392    0.146422    -0.00427516    0.0355224    0.988568
NEXT
0.151708    0.00735525    0.308861    0.0405102    0.0198884    0.045172    0.997954
0.137755    0.00608318    0.309732    0.0231448    0.0161816    0.048344    0.998398
0.123409    0.00500475    0.310141    -0.00985509    0.0338348    0.0593569    0.997439
0.1096    0.00331494    0.312668    0.00295885    0.155202    0.0851491    0.984202
0.0966397    0.000833971    0.317591    0.0546227    0.182507    0.0746568    0.978849
0.0831824    -0.000945893    0.32187    0.0332256    0.120608    0.0441535    0.991168
0.0694901    -0.00210875    0.324194    -0.0204122    0.051912    0.0485558    0.997262
0.0556561    -0.0038223    0.325232    -0.0250831    0.00724895    0.0567394    0.997958
0.042076    -0.00559877    0.32351    -0.0626977    -0.124075    0.0369954    0.989424
0.0278406    -0.00708178    0.319942    -0.132519    -0.118612    0.00810511    0.983665
0.0139969    -0.00742974    0.315845    -0.178174    -0.249156    -0.0324032    0.952411
0.00325964    -0.00630247    0.30322    -0.12805    -0.478158    -0.0299113    0.871085
-0.00939277    -0.00515621    0.287457    -0.10513    -0.352195    -0.0222468    0.93058
NEXT
-0.00917951    0.00471134    0.285857    0.011815    -0.333986    0.0131654    0.942016
0.00377507    0.00395447    0.300463    -0.0547106    -0.445293    -0.00952467    0.893958
0.0152134    0.00332823    0.312776    -0.0499949    -0.301145    -0.0212882    0.952123
0.0281989    0.00343909    0.318883    0.0714612    -0.170307    0.0162221    0.982719
0.0416996    0.0043556    0.323528    0.103577    -0.151968    0.0342806    0.982461
0.0548663    0.00579597    0.325782    0.124794    0.0119259    0.0528661    0.990599
0.0686423    0.00742425    0.324988    0.138728    0.0378873    0.0421022    0.98872
0.0824653    0.00838364    0.323738    0.165423    0.0810001    0.0323348    0.98245
0.095678    0.0101054    0.319554    0.149374    0.229717    0.059592    0.95999
0.108176    0.0129319    0.313236    0.0771863    0.207759    0.0696757    0.972373
0.121922    0.0147212    0.310167    0.0531314    0.0326426    0.0482008    0.996815
0.136589    0.0156573    0.310026    0.0559166    0.00806122    0.0475211    0.997211
0.150651    0.016951    0.30933    0.0500472    0.00616914    0.0503536    0.997436
0.16404    0.0174842    0.311773    0.103921    -0.175271    0.0409218    0.977331
NEXT
0.162484    0.0271919    0.313954    0.135478    -0.203881    0.0347762    0.968621
0.149598    0.0266639    0.310979    0.106822    0.000824474    0.0479844    0.993117
0.135656    0.0252752    0.311864    0.110822    0.0295688    0.0409346    0.992561
0.121368    0.0240504    0.31279    0.192989    0.0745132    0.0298646    0.977724
0.108146    0.021891    0.316657    0.242908    0.236751    0.0431797    0.939574
0.0953327    0.0191604    0.323033    0.176221    0.211659    0.050727    0.960338
0.0817247    0.0174125    0.327231    0.167868    0.0986406    0.0509886    0.979681
0.0678912    0.0159823    0.328811    0.231285    0.0444028    0.0512803    0.970559
0.0541418    0.0144875    0.329244    0.211076    -0.0119371    0.0448834    0.976367
0.0411038    0.0138629    0.326093    0.136962    -0.190544    0.0194434    0.972153
0.0279678    0.0136957    0.320447    0.0442436    -0.215638    0.00660343    0.975497
0.0151302    0.0135946    0.312779    0.0238254    -0.323304    0.0154649    0.945777
0.00268934    0.013671    0.300949    0.122058    -0.389698    0.0494917    0.911406
-0.0113752    0.0137562    0.288244    0.261117    -0.285525    0.0898714    0.91703
NEXT
-0.0144259    0.022834    0.292212    0.159353    -0.231506    0.0660549    0.956965
0.00123222    0.0233107    0.302505    0.0689858    -0.332939    0.028269    0.940064
0.0144835    0.0233805    0.313365    0.068542    -0.310968    0.0210797    0.947742
0.0274419    0.0233334    0.321795    0.126505    -0.263677    0.0277352    0.956008
0.0400984    0.0232658    0.328615    0.142424    -0.210094    0.0366007    0.96643
0.0531421    0.0237985    0.33213    0.0949511    -0.0340087    0.0491365    0.993659
0.0669016    0.0252509    0.332045    0.101408    0.0342532    0.0569559    0.992623
0.0806314    0.026991    0.330195    0.124253    0.112777    0.0590434    0.984144
0.0945154    0.028764    0.326387    0.136083    0.1693    0.0629398    0.974375
0.107751    0.031103    0.320659    0.115339    0.228212    0.0821513    0.963574
0.120723    0.0334112    0.315809    0.0861612    0.129805    0.0702978    0.985349
0.134653    0.0349761    0.313523    0.0570748    0.0509782    0.0571021    0.995397
0.148523    0.0363328    0.313006    0.102198    -0.0310651    0.0510292    0.992938
0.16111    0.0369183    0.316394    0.128846    -0.210849    0.035764    0.96821
NEXT
0.159893    0.0466087    0.318732    0.121455    -0.194421    0.0372048    0.972768
0.147386    0.0458437    0.315471    0.141878    -0.0467634    0.0476633    0.987628
0.133266    0.0446118    0.31533    0.114582    0.0347411    0.0563481    0.99114
0.119018    0.0430736    0.31731    0.0651385    0.121837    0.0769242    0.98742
0.10612    0.0407302    0.322585    0.067271    0.263184    0.0870187    0.958602
0.0933232    0.0383265    0.329251    0.1312    0.187304    0.0634078    0.971741
0.0796258    0.0365485    0.333099    0.157411    0.106178    0.054378    0.98043
0.065891    0.0349849    0.334664    0.164693    0.0264    0.0495571    0.984748
0.0521088    0.0336223    0.334468    0.14075    -0.0361752    0.0434226    0.988444
0.03875    0.0328187    0.331299    0.13889    -0.181522    0.0390712    0.972819
0.0258186    0.0325796    0.324808    0.196041    -0.261908    0.0531856    0.943683
0.0129992    0.0326593    0.315756    0.202547    -0.334327    0.053045    0.919819
0.000198064    0.0329701    0.303978    0.114088    -0.35085    0.0301919    0.929284
-0.0157764    0.0327101    0.293462    0.0140333    -0.224004    0.0251364    0.974131
NEXT
-0.0163084    0.0429863    0.293667    0.035022    -0.255854    0.0161124    0.965888
-0.000853751    0.0426063    0.305976    0.105003    -0.400008    0.0116403    0.9109
0.011127    0.041883    0.31899    0.154478    -0.358795    0.0330688    0.920784
0.024052    0.0419436    0.327801    0.140782    -0.223121    0.0456794    0.963562
0.0377025    0.0425321    0.333219    0.0870584    -0.1567    0.0369319    0.983104
0.0513507    0.0433306    0.336683    0.0914974    -0.0785208    0.037737    0.992013
0.0650362    0.044464    0.337854    0.146345    0.00646384    0.0453142    0.988174
0.0786482    0.0459317    0.336221    0.136309    0.12317    0.0577557    0.981426
0.092335    0.0477576    0.331997    0.115969    0.18971    0.0612555    0.973255
0.105345    0.050207    0.32529    0.165128    0.27228    0.0552151    0.946594
0.118095    0.0527258    0.31934    0.133854    0.157097    0.0452165    0.977116
0.132187    0.0543401    0.317165    0.0750784    0.0245692    0.0411347    0.996026
0.146398    0.0555021    0.3175    0.0703719    -0.0507413    0.0422271    0.995335
0.158895    0.0563759    0.320536    0.0744659    -0.183997    0.0367299    0.979467
NEXT
0.158036    0.0661587    0.321475    0.0369734    -0.181801    0.0387578    0.981871
0.14558    0.0652266    0.318701    0.059445    -0.0380005    0.040821    0.996675
0.131605    0.0639136    0.319069    0.111115    0.069942    0.0415505    0.990401
0.117963    0.0619766    0.322567    0.161133    0.196503    0.0492522    0.965857
0.104852    0.0595508    0.328416    0.115209    0.212838    0.0635207    0.968325
0.091145    0.057345    0.333874    0.055617    0.171155    0.0678755    0.981376
0.0774708    0.0554189    0.338331    0.0581423    0.139942    0.0648255    0.986357
0.0640006    0.0539129    0.340243    0.0866782    -0.00183512    0.0521331    0.994826
0.0503497    0.0529272    0.338606    0.105413    -0.0950658    0.0462957    0.988731
0.036535    0.0521008    0.335307    0.124974    -0.134548    0.0458934    0.981901
0.0229589    0.0514414    0.329987    0.0915563    -0.238509    0.0268554    0.966628
0.0102643    0.0514752    0.320793    0.0531155    -0.372626    0.00393007    0.926472
-0.00154547    0.0523168    0.307545    0.0739414    -0.402942    0.0056681    0.912211
-0.0172425    0.0529877    0.294859    0.101363    -0.268988    0.0283624    0.957021
NEXT
-0.0187203    0.0626319    0.296803    0.111378    -0.267102    0.0305234    0.956104
-0.00250219    0.0620268    0.308671    0.0700194    -0.373145    0.0231228    0.924259
0.0097831    0.0613867    0.321173    0.0202853    -0.360384    0.0128415    0.932148
0.0224113    0.0612878    0.330753    0.0190426    -0.27916    0.0208108    0.959763
0.0354502    0.0617975    0.336919    0.049966    -0.147698    0.037917    0.987
0.0491689    0.0626387    0.340065    0.0492658    -0.0839712    0.0439186    0.994231
0.0627817    0.0637108    0.341025    0.0157156    0.0247737    0.0510825    0.998255
0.0763481    0.0652883    0.339013    0.0192993    0.116064    0.057145    0.991368
0.0899915    0.0672366    0.334962    0.0353817    0.166037    0.0600376    0.983624
0.103752    0.0693242    0.329925    0.0211099    0.182352    0.0677909    0.980652
0.11725    0.071515    0.324671    0.0347138    0.175686    0.0640124    0.981698
0.13087    0.0734666    0.320808    0.0309652    0.0968229    0.0548237    0.993298
0.144675    0.0748741    0.319483    -0.00500006    -0.00597586    0.0484788    0.99878
0.156995    0.0758533    0.321546    -0.0276419    -0.171861    0.0473457    0.983515
0.173418    0.0768238    0.328965    -0.0177142    -0.204251    0.0583142    0.9764
NEXT
0.15576    0.0854718    0.319782    -0.0992203    -0.170596    0.0515192    0.978971
0.143517    0.0844632    0.318034    -0.106106    0.00501017    0.0547325    0.992806
0.129807    0.0830078    0.319933    -0.0985554    0.116487    0.0567628    0.986727
0.116243    0.0812213    0.324445    -0.0652879    0.178357    0.0596232    0.980023
0.102675    0.0791847    0.329971    -0.0392601    0.19079    0.0611584    0.978911
0.0890906    0.0771752    0.335568    -0.00356806    0.186554    0.0550668    0.980834
0.0755486    0.0753775    0.339846    0.030801    0.108009    0.0491118    0.992393
0.0619014    0.0738491    0.341606    0.0270346    0.0191119    0.0432401    0.9985
0.0482515    0.0726921    0.340439    0.00251877    -0.0939782    0.0381148    0.994837
0.0344779    0.0718805    0.3371    -0.0148787    -0.153487    0.0335561    0.987407
0.02138    0.0714578    0.330828    -0.00479643    -0.280158    0.0315572    0.959115
0.00870557    0.0714501    0.321331    0.00243674    -0.352963    0.0245231    0.934827
-0.00371295    0.0717249    0.309347    0.0180356    -0.3594    0.0208272    0.93232
-0.0196799    0.072087    0.298045    0.031713    -0.269647    0.00186802    0.962351
NEXT
-0.0192453    0.0810635    0.297902    -0.0438608    -0.265983    -0.0306974    0.962193
-0.00414412    0.0810691    0.308459    -0.0651205    -0.352192    0.0105015    0.933888
0.00810162    0.0811374    0.319953    -0.0906177    -0.35345    0.0153575    0.93146
0.0206034    0.081258    0.329487    -0.0889626    -0.284522    0.0224104    0.954533
0.0336871    0.081663    0.336158    -0.0611189    -0.177787    0.031499    0.981663
0.0473387    0.0824167    0.340098    -0.0329555    -0.108003    0.0459437    0.992466
0.0610004    0.0834953    0.341381    -0.0742475    0.0176452    0.0534297    0.995622
0.074692    0.0850249    0.339412    -0.10082    0.108836    0.0581017    0.987269
0.0882685    0.0869252    0.334803    -0.0828196    0.191672    0.0525579    0.976542
0.101851    0.0890479    0.328838    -0.0707778    0.199143    0.0508742    0.975874
0.115447    0.0912585    0.323027    -0.0618464    0.183998    0.0461649    0.979555
0.129015    0.0932653    0.318419    -0.0400811    0.12194    0.0398113    0.990597
0.142383    0.0948759    0.316489    -0.0375119    0.0131514    0.0443134    0.998207
NEXT
0.0193937    0.0933738    0.327259    -0.0362568    -0.323704    0.0439035    0.94428
0.00744165    0.0927222    0.316632    -0.159539    -0.373583    0.0167442    0.915902
-0.00458332    0.0924815    0.305703    -0.163966    -0.333228    0.00243936    0.930298
NEXT
