-0.165173    -0.0438521    0.340695    0.00818855    0.0285327    -0.0420709    0.998564
-0.154868    -0.0448742    0.340071    0.0190487    0.0209616    -0.0535323    0.998078
-0.145364    -0.0454659    0.339896    0.0330258    -0.00172145    -0.050219    0.997779
-0.135664    -0.0457169    0.340007    0.0455606    -0.00827291    -0.0437466    0.997215
-0.125386    -0.0456996    0.340216    0.0483403    -0.0126083    -0.0374916    0.997104
-0.114821    -0.0455068    0.340569    0.0382012    -0.0197948    -0.0308048    0.997684
-0.104212    -0.0452159    0.340993    0.0203284    -0.0171745    -0.0229494    0.998653
-0.0936248    -0.0448782    0.341222    0.00876958    -0.00344697    -0.0151881    0.999337
-0.0830664    -0.0445183    0.34118    0.00866359    0.00675749    -0.00798928    0.999581
-0.0724978    -0.0441373    0.340987    0.0160367    0.0110475    -0.00210861    0.9996
-0.0619078    -0.0437541    0.34076    0.0235836    0.010203    0.00178785    0.999543
-0.0513069    -0.0433998    0.340603    0.0223983    0.00494668    0.00421208    0.999662
-0.0407078    -0.0430917    0.340581    0.0132483    -0.00276776    0.00585126    0.999864
-0.0301207    -0.0428382    0.340726    0.00195641    -0.0098951    0.00706687    0.999918
-0.0195372    -0.0426396    0.340965    -0.0089895    -0.0118385    0.00814084    0.999856
-0.00894446    -0.0424865    0.341186    -0.0153177    -0.00821825    0.00957955    0.999799
0.00166004    -0.0423434    0.341268    -6.49765e-05    0.00130775    0.0117735    0.999919
0.0122694    -0.0421835    0.341104    0.043974    0.014917    0.0138108    0.998808
0.0228572    -0.0420215    0.340632    0.0836817    0.0302429    0.0154207    0.995885
0.0334015    -0.04188    0.339981    0.0916313    0.0280988    0.0167841    0.995198
0.0438959    -0.0417823    0.339634    0.0660348    0.00370952    0.0178211    0.99755
0.0543266    -0.0416961    0.339733    0.0245148    -0.00950629    0.0202879    0.99934
0.064667    -0.0415149    0.339909    0.00961006    -0.00662739    0.0235157    0.999592
0.0748822    -0.0412018    0.340091    0.0232425    -0.0129998    0.0238068    0.999346
0.0849306    -0.0407949    0.340524    0.0253575    -0.0281566    0.0194907    0.999089
0.0947725    -0.0403431    0.341137    0.00855702    -0.0305847    0.00912918    0.999352
0.104462    -0.0398929    0.34165    -0.00883402    -0.0224789    -0.00853386    0.99918
NEXT
0.115997    -0.0334312    0.341831    -0.0197376    -0.0139635    -0.0339867    0.997862
0.105001    -0.0338481    0.341567    -0.0114616    -0.0113534    -0.0109623    0.999288
0.0949382    -0.0342936    0.341322    0.00841944    -0.0139455    0.00261342    0.999674
0.0848432    -0.0347217    0.340983    0.0310933    -0.0190033    0.0109079    0.999236
0.074638    -0.0350894    0.34052    0.0285915    -0.0245508    0.014941    0.999178
0.0643449    -0.0353688    0.340048    0.00218031    -0.0182017    0.0158869    0.999695
0.053984    -0.0355539    0.339864    -0.00645244    0.00141185    0.0149314    0.999834
0.043569    -0.0356713    0.340096    0.0102266    0.0202713    0.0139617    0.999604
0.0331064    -0.0357759    0.340669    0.0234009    0.0315656    0.0133791    0.999104
0.0225982    -0.0358837    0.341243    0.0208815    0.0190565    0.0122462    0.999499
0.0120456    -0.0359835    0.341361    0.00501182    -0.00527305    0.0106922    0.999897
0.00147282    -0.0360727    0.341174    -0.0076465    -0.00876796    0.00901175    0.999879
-0.00908859    -0.0361566    0.341078    0.00219706    -0.00134045    0.00739482    0.999964
-0.0196325    -0.0362533    0.341064    0.0240266    -0.00113123    0.00620215    0.999691
-0.0301637    -0.036383    0.341018    0.0399704    -0.00189569    0.00530271    0.999183
-0.0406943    -0.0365523    0.341011    0.0474456    0.00276584    0.00445643    0.99885
-0.051231    -0.0367617    0.341102    0.046753    0.00582545    0.00346659    0.998857
-0.0617614    -0.0370023    0.341194    0.0353744    0.00310628    0.00228132    0.999319
-0.0722681    -0.0372591    0.341221    0.0153008    0.000508722    0.000623444    0.999815
-0.0827304    -0.0375072    0.341226    -0.00217666    0.000331854    -0.00176916    0.99991
-0.0931599    -0.0377381    0.341227    -0.00743934    -0.000657085    -0.00418942    0.99985
-0.103612    -0.0379667    0.341189    0.00508274    -0.00316643    -0.00625497    0.999815
-0.114116    -0.0381885    0.341086    0.0271529    -0.00644969    -0.00775388    0.999423
-0.124659    -0.0383766    0.340902    0.0389566    -0.0103942    -0.00758544    0.999045
-0.135005    -0.0384752    0.340643    0.0371707    -0.0143531    -0.00669861    0.99915
-0.144841    -0.038415    0.340353    0.0295068    -0.0121065    -0.00596706    0.999472
-0.154545    -0.0381784    0.340321    0.0195582    0.0115159    -0.00415795    0.999661
-0.165186    -0.0378139    0.340775    0.00719627    0.0199105    0.00349893    0.999606
-0.179763    -0.0375963    0.340871    -0.0219417    -0.0138898    0.023249    0.999105
NEXT
-0.180092    -0.0330034    0.340742    -0.00243216    -0.0234362    0.0285966    0.999313
-0.165503    -0.0324552    0.340891    0.0141371    0.0130834    0.0213177    0.999484
-0.154782    -0.0324488    0.340558    0.0215483    0.00718252    0.0141443    0.999503
-0.144959    -0.0324732    0.340662    0.0229818    -0.014677    0.0109647    0.999512
-0.134999    -0.0324209    0.341001    0.0224563    -0.0161159    0.0082204    0.999579
-0.124551    -0.0322821    0.341267    0.0213415    -0.00827937    0.00551803    0.99972
-0.113958    -0.0321031    0.341322    0.0126701    0.00344895    0.00342337    0.999894
-0.103456    -0.031919    0.341192    -0.00285267    0.00711264    0.00266836    0.999949
-0.0930281    -0.0317403    0.341099    -0.0122357    0.000812202    0.00243115    0.999904
-0.0826243    -0.0315618    0.341154    -0.0093435    -0.00613889    0.00266919    0.999915
-0.0721871    -0.0313663    0.341338    0.00357504    -0.0105949    0.00334046    0.999911
-0.0617066    -0.0311593    0.341541    0.0208407    -0.00703866    0.00385533    0.999733
-0.0512074    -0.0309618    0.341605    0.0348305    0.000781986    0.00435934    0.999373
-0.0407059    -0.0307857    0.341563    0.0416126    0.00278403    0.00497276    0.999114
-0.0302108    -0.0306364    0.341517    0.0396111    0.00305134    0.00559395    0.999194
-0.0197154    -0.0305116    0.341407    0.0292817    0.00881304    0.00637846    0.999512
-0.00920832    -0.0304053    0.341191    0.0134384    0.00916976    0.00741094    0.999837
0.00131711    -0.0303088    0.341138    0.00074291    -0.00644641    0.00868268    0.999932
0.0118573    -0.0302119    0.341359    -0.00314526    -0.00943665    0.0101314    0.999885
0.0223832    -0.0301027    0.341324    -0.00299615    0.0164392    0.0115457    0.999776
0.0328726    -0.0299752    0.340752    -0.00383916    0.0340124    0.0124444    0.999318
0.0433248    -0.0298359    0.34006    -0.00981984    0.0284264    0.0127946    0.999448
0.0537436    -0.0296834    0.339683    -0.0171436    0.00472115    0.0128927    0.999746
0.0641353    -0.0295036    0.339951    -0.0119153    -0.0290946    0.012472    0.999424
0.0744998    -0.0292772    0.340661    0.00046821    -0.0334039    0.0112067    0.999378
0.0848296    -0.0289837    0.341131    -0.00232564    -0.0120576    0.00835858    0.999862
0.0951066    -0.0286345    0.341264    -0.0164579    -0.00402743    0.00269253    0.999738
0.105414    -0.0282693    0.341382    -0.0206027    -0.00883311    -0.00688006    0.999451
0.116779    -0.0279675    0.341651    -0.014331    -0.0151255    -0.0239418    0.998934
NEXT
0.117279    -0.0224184    0.34155    -0.00578072    -0.0194773    -0.0153134    0.99951
0.105681    -0.0225888    0.341153    -0.0189079    -0.0133742    -0.00285195    0.999628
0.0952147    -0.0228589    0.34101    -0.0249644    -0.000547061    0.00356584    0.999634
0.0848144    -0.0231237    0.341002    -0.0165846    -0.00532271    0.00694182    0.999812
0.074396    -0.0233441    0.340621    -0.00309019    -0.0322384    0.00850628    0.999439
0.0639767    -0.0235197    0.339895    0.0075084    -0.0301685    0.00970454    0.999468
0.0535573    -0.0236915    0.339629    0.0125477    0.00663496    0.0109568    0.999836
0.0431294    -0.0238724    0.340049    0.0118107    0.0302822    0.0113815    0.999403
0.0326774    -0.0240454    0.340746    0.00600354    0.0329861    0.0111549    0.99937
0.0221961    -0.0242004    0.341289    -0.000116017    0.0155624    0.0105463    0.999817
0.0116896    -0.0243355    0.341332    -6.03657e-05    -0.00786275    0.0095147    0.999918
0.00117641    -0.0244599    0.341164    0.00264471    -0.00314068    0.00852615    0.999952
-0.00932109    -0.0245871    0.341297    0.00163425    0.0132307    0.00775906    0.99988
-0.0198017    -0.024721    0.341597    -0.000277773    0.0125136    0.00706707    0.999897
-0.0302725    -0.0248627    0.341773    0.000837478    0.00495009    0.00647968    0.999966
-0.0407436    -0.0250164    0.34183    0.00139487    0.00110342    0.00598112    0.999979
-0.0512221    -0.0251853    0.341806    -0.00198402    -0.0041843    0.00548161    0.99997
-0.061705    -0.0253675    0.341624    -0.00707693    -0.0136226    0.00517222    0.999862
-0.0721798    -0.0255553    0.341294    -0.0108539    -0.0161433    0.00500266    0.999791
-0.0826211    -0.0257317    0.34103    -0.0106352    -0.00788952    0.00492041    0.999896
-0.0930354    -0.0258921    0.340984    -0.00574719    0.00346283    0.005371    0.999961
-0.103477    -0.0260507    0.341175    0.00177288    0.0134678    0.00620339    0.999887
-0.114003    -0.0262162    0.341439    0.00892452    0.00890054    0.00744147    0.999893
-0.124655    -0.026389    0.341455    0.0123111    -0.00688186    0.00972301    0.999852
-0.135193    -0.0265509    0.341205    0.0139225    -0.0152218    0.0126825    0.999691
-0.145259    -0.0266759    0.340898    0.0187023    -0.0123912    0.0161241    0.999562
-0.15517    -0.0267854    0.340816    0.0230263    0.00687764    0.0200328    0.999409
-0.165913    -0.0270014    0.341099    0.0224347    0.0100332    0.027577    0.999271
-0.180364    -0.0278904    0.34086    0.0258953    -0.025098    0.0345332    0.998726
NEXT
-0.180671    -0.0221284    0.341205    0.0295108    -0.0180481    0.033887    0.998783
-0.166316    -0.0211674    0.341331    0.0124995    0.0106798    0.0265087    0.999504
-0.155546    -0.0208475    0.341046    0.0125178    0.00796004    0.0194278    0.999662
-0.145559    -0.0206559    0.341077    0.0102815    -0.0089829    0.0155882    0.999762
-0.135406    -0.0204822    0.341331    0.00707607    -0.0137442    0.0123284    0.999797
-0.124797    -0.0203027    0.341569    0.00641739    -0.00673708    0.00986918    0.999907
-0.1141    -0.0201292    0.341542    0.00755647    0.00993128    0.00815919    0.999889
-0.10355    -0.019968    0.34124    0.00817002    0.0161369    0.00723453    0.99981
-0.0930913    -0.0198134    0.340975    0.0043733    0.00771127    0.00655322    0.999939
-0.0826599    -0.0196565    0.340934    -0.00384745    -0.0039066    0.0060559    0.999965
-0.0722096    -0.0194877    0.341134    -0.0124546    -0.0141379    0.00600362    0.999802
-0.0617367    -0.0193098    0.341443    -0.0184464    -0.0136305    0.00612671    0.999715
-0.051266    -0.0191345    0.341639    -0.0200787    -0.00550092    0.00639544    0.999761
-0.0408046    -0.0189655    0.341684    -0.0193037    0.000470416    0.00681591    0.99979
-0.0303497    -0.0188024    0.341624    -0.0189781    0.00495087    0.00719035    0.999782
-0.0198942    -0.0186436    0.341468    -0.0159169    0.00978189    0.00755169    0.999797
-0.00942999    -0.0184885    0.341249    -0.0075844    0.00899876    0.00792232    0.999899
0.00104899    -0.0183404    0.34117    -0.00286934    -0.00317299    0.00830268    0.999955
0.0115428    -0.0181989    0.341305    -0.00707522    -0.00610666    0.0089414    0.999914
0.0220369    -0.0180513    0.341271    -0.00729749    0.0120559    0.00970071    0.999851
0.0325166    -0.0178858    0.340847    0.00472406    0.0259142    0.0102257    0.999599
0.0429733    -0.0176975    0.34029    0.0211471    0.0248651    0.0105164    0.999411
0.0534113    -0.0175008    0.33993    0.0308499    0.00727403    0.00980252    0.999449
0.0638516    -0.0173341    0.340092    0.0216216    -0.0208324    0.00804883    0.999516
0.0743075    -0.01719    0.340586    -0.00296503    -0.0203844    0.00694333    0.999764
0.0847817    -0.0170168    0.340757    -0.0231652    0.00230446    0.00626841    0.999705
0.0952577    -0.0168114    0.340678    -0.030352    -0.00033571    0.00439128    0.999513
0.105821    -0.0166165    0.340904    -0.0257607    -0.0199377    -2.72114e-05    0.999444
0.117565    -0.0165587    0.341452    -0.0162605    -0.0240413    -0.00941057    0.999511
NEXT
0.11768    -0.0105673    0.341074    -0.0465001    -0.0265396    -0.0047822    0.998554
0.105865    -0.0105537    0.340478    -0.0433272    -0.0207359    0.00208151    0.998841
0.0952525    -0.0107032    0.340264    -0.0353788    0.00195977    0.0051328    0.999354
0.0847366    -0.0108782    0.340445    -0.0257368    0.0102959    0.00609679    0.999595
0.0742292    -0.0110313    0.340528    -0.0058164    -0.00461136    0.00628729    0.999953
0.0637467    -0.0111633    0.340352    0.0188552    -0.00883957    0.00735027    0.999756
0.0532864    -0.0113252    0.34028    0.0227159    0.00344768    0.00934786    0.999692
0.042835    -0.0115208    0.340455    0.00265969    0.0125127    0.0102403    0.999865
0.0323719    -0.0117052    0.340757    -0.0213446    0.0147427    0.00984333    0.999614
0.0218941    -0.0118654    0.341018    -0.0346391    0.00832212    0.00922239    0.999321
0.0114118    -0.0120131    0.341084    -0.0293989    -0.00110529    0.00854669    0.999529
0.000934206    -0.0121608    0.341062    -0.01504    0.000612544    0.00804812    0.999854
-0.0095315    -0.0123186    0.341154    -0.0069875    0.00719467    0.00784583    0.999919
-0.0199862    -0.0124851    0.341322    -0.00537142    0.00769968    0.00770143    0.999926
-0.030434    -0.0126552    0.341452    -0.00576826    0.00438413    0.00757257    0.999945
-0.0408806    -0.0128261    0.341497    -0.00754086    -0.00035223    0.00739025    0.999944
-0.0513322    -0.0129963    0.341437    -0.00963756    -0.00556854    0.00714846    0.999912
-0.0617954    -0.0131672    0.341269    -0.00729683    -0.0103564    0.0069678    0.999895
-0.072267    -0.013338    0.341055    0.00115456    -0.00856203    0.00685628    0.999938
-0.0827252    -0.0135032    0.340971    0.010285    0.00141945    0.00691957    0.999922
-0.0931707    -0.0136611    0.341098    0.0150049    0.0103116    0.00724132    0.999808
-0.103641    -0.0138166    0.341369    0.0119781    0.0144392    0.00749175    0.999796
-0.114201    -0.0139769    0.341618    0.00413636    0.00721736    0.00780137    0.999935
-0.124922    -0.0141517    0.341608    -0.000163842    -0.00748401    0.00864066    0.999935
-0.135574    -0.0143414    0.341367    -0.00102656    -0.0135448    0.0101527    0.999856
-0.145786    -0.0145427    0.341114    -0.00424407    -0.00938441    0.0124931    0.999867
-0.155829    -0.0147754    0.341059    -0.0115151    0.00529288    0.0153363    0.999799
-0.166623    -0.0151264    0.34131    -0.017643    0.011839    0.0206367    0.99956
-0.180914    -0.0160033    0.341437    0.00670689    -0.00390964    0.0262168    0.999555
NEXT
-0.181014    -0.00976471    0.341422    -0.00586888    0.0148055    0.0161451    0.999635
-0.166789    -0.00903422    0.340994    -0.0298785    0.0127981    0.0139821    0.999357
-0.15599    -0.00869462    0.340832    -0.0225522    -0.00120169    0.0111485    0.999681
-0.145921    -0.00844905    0.340997    -0.0133652    -0.0137183    0.00970339    0.999768
-0.135683    -0.00823661    0.341301    -0.00938162    -0.0144523    0.00845568    0.999815
-0.125017    -0.00804385    0.341553    -0.0092194    -0.00849804    0.00780548    0.999891
-0.114293    -0.00787108    0.341627    -0.00342087    0.00178591    0.00759323    0.999964
-0.103735    -0.00771372    0.341507    0.00914433    0.00871512    0.00768845    0.999891
-0.0932625    -0.00755856    0.341305    0.0169615    0.0097625    0.00775089    0.999778
-0.0828083    -0.00739922    0.341143    0.0157258    0.00502421    0.00755442    0.999835
-0.0723454    -0.00723676    0.34113    0.0093603    -0.00328234    0.00744996    0.999923
-0.0618747    -0.00707194    0.341249    0.00302867    -0.00710452    0.00753603    0.999942
-0.0514145    -0.00690489    0.341395    0.00181347    -0.00615154    0.00765942    0.99995
-0.0409656    -0.00673464    0.341483    0.00363624    -0.00164791    0.00777412    0.999962
-0.0305205    -0.00656039    0.341451    0.00333243    0.00456898    0.00781676    0.999953
-0.0200748    -0.00638585    0.341301    -0.000659879    0.00971116    0.0077639    0.999922
-0.00962518    -0.00621628    0.341066    -0.00855209    0.0118675    0.00771358    0.999863
0.000830491    -0.00605674    0.340835    -0.0203485    0.00923462    0.00773385    0.99972
0.0112936    -0.00590908    0.340673    -0.0331195    0.00624066    0.00800442    0.999399
0.0217633    -0.00576634    0.340548    -0.036012    0.00552363    0.00845339    0.999299
0.0322362    -0.00561774    0.340447    -0.0233413    0.00309677    0.00900216    0.999681
0.0427048    -0.00544837    0.340433    -0.00223643    -0.00210334    0.0094467    0.99995
0.0531712    -0.00526622    0.340506    0.016102    -0.00390203    0.00876253    0.999824
0.063651    -0.00510981    0.340567    0.0178491    -0.000797722    0.00718826    0.999814
0.074153    -0.00497735    0.340508    0.005725    0.00735361    0.006526    0.999935
0.0846775    -0.00482781    0.340244    -0.00212362    0.0158348    0.00677    0.999849
0.0952071    -0.00466604    0.339972    -0.00547894    0.00670678    0.00650431    0.999941
0.10583    -0.00454078    0.34006    -0.0156842    -0.0143833    0.00465599    0.999762
0.117655    -0.00458451    0.340567    -0.0264227    -0.0260462    0.000231601    0.999284
NEXT
0.117502    0.00136992    0.340677    0.0443322    -0.0217085    0.00517351    0.998692
0.105718    0.0014305    0.340306    0.054662    -0.00877051    0.00699798    0.998429
0.0951145    0.00133781    0.34028    0.0537693    0.00661934    0.0077632    0.9985
0.0845912    0.00119994    0.340501    0.0421968    0.0129563    0.00762931    0.998996
0.0740648    0.00105979    0.34073    0.0294856    0.00781512    0.00716151    0.999509
0.0635554    0.000926538    0.340806    0.0213314    -0.000438655    0.0073171    0.999745
0.0530658    0.000774098    0.340703    0.0168358    -0.00853961    0.00812803    0.999789
0.0425909    0.000603059    0.340493    0.012912    -0.00998468    0.00838081    0.999832
0.03212    0.000441575    0.340329    0.00522856    -0.0050305    0.00795963    0.999942
0.0216515    0.000294998    0.340288    -0.00473922    0.00127927    0.00761974    0.999959
0.0111898    0.000151723    0.340387    -0.0117302    0.00789789    0.00747328    0.999872
0.0007348    3.26288e-06    0.340614    -0.0141771    0.0133838    0.00750391    0.999782
-0.00971591    -0.000155936    0.340933    -0.0124932    0.0161267    0.00768236    0.999762
-0.0201639    -0.000324816    0.341255    -0.00714196    0.0136736    0.00786797    0.99985
-0.0306106    -0.000499455    0.341481    0.000606783    0.00741877    0.0080015    0.99994
-0.0410571    -0.000674024    0.341549    0.00640681    -0.00116768    0.00800094    0.999947
-0.0515066    -0.000843883    0.341454    0.0073805    -0.00665918    0.00792338    0.999919
-0.0619663    -0.00100899    0.341313    0.00691827    -0.00571286    0.00782044    0.999929
-0.0724367    -0.00117107    0.34124    0.0078656    -0.000630548    0.00779581    0.999938
-0.0829035    -0.00133367    0.341304    0.00978089    0.00680447    0.00800436    0.999897
-0.0933642    -0.0014959    0.34147    0.00945915    0.00768535    0.00818248    0.999892
-0.103838    -0.00165101    0.341566    0.000679732    0.000995139    0.00801043    0.999967
-0.114388    -0.00180464    0.341522    -0.0127808    -0.00483869    0.00783337    0.999876
-0.125103    -0.00197449    0.341377    -0.0177894    -0.00887924    0.00780713    0.999772
-0.135762    -0.00216772    0.341143    -0.0145276    -0.0136557    0.00790274    0.999768
-0.145998    -0.00238434    0.340824    -0.0123268    -0.0159179    0.00820173    0.999758
-0.156063    -0.00263125    0.340591    -0.0141985    -0.00547995    0.00820323    0.999839
-0.166833    -0.00294792    0.340691    -0.0169563    0.0142807    0.00839882    0.99968
-0.180946    -0.00354258    0.341363    -0.0019641    0.0305863    0.00623978    0.999347
NEXT
-0.180751    0.00262197    0.341363    0.0028672    0.0366754    0.000759155    0.999137
-0.166797    0.00312329    0.340618    0.00624119    0.0144807    0.0054781    0.99981
-0.156085    0.00342193    0.340547    0.00935906    -0.00633517    0.0068483    0.999894
-0.146049    0.00366883    0.340778    0.00823843    -0.014294    0.00764604    0.999827
-0.135833    0.00388799    0.341042    0.00222312    -0.00989365    0.00778553    0.999916
-0.125191    0.00408061    0.34121    -0.00562361    -0.00708513    0.00786437    0.999928
-0.11449    0.00424606    0.341386    -0.00652803    -0.0096365    0.00787987    0.999901
-0.103946    0.00439409    0.341561    0.000368541    -0.00536612    0.00805008    0.999953
-0.0934718    0.0045483    0.341551    0.00461418    0.00614719    0.00834937    0.999935
-0.0830047    0.00471435    0.341387    0.00416514    0.0073833    0.00822708    0.99993
-0.0725337    0.00487971    0.34132    0.00547257    -0.00112056    0.00792277    0.999953
-0.0620624    0.00504221    0.341409    0.00883717    -0.0065706    0.00785697    0.999908
-0.0516023    0.00520732    0.341563    0.0102303    -0.00664975    0.00793747    0.999894
-0.0411517    0.00537675    0.341633    0.00746031    0.00140784    0.00801242    0.999939
-0.0307036    0.00554968    0.341483    0.000473669    0.0120669    0.00801869    0.999895
-0.0202555    0.00572213    0.341174    -0.00444351    0.0163732    0.00790186    0.999825
-0.00980704    0.00588952    0.340833    -0.0012169    0.0155031    0.00771907    0.999849
0.000642901    0.00604939    0.340553    0.00652251    0.0106847    0.00751468    0.999893
0.0110959    0.00620188    0.340399    0.013725    0.00415824    0.00741482    0.99987
0.0215551    0.00635276    0.340385    0.01821    -0.00255363    0.00749256    0.999803
0.0320215    0.0065081    0.340497    0.0188912    -0.00744944    0.00769775    0.999764
0.042492    0.0066723    0.340685    0.0158993    -0.00968272    0.00794402    0.999795
0.0529679    0.00683962    0.340887    0.0122919    -0.00883534    0.00782082    0.999855
0.0634567    0.0069911    0.341038    0.0148084    -0.00506202    0.00743096    0.99985
0.073962    0.00712311    0.341097    0.0250766    -0.000218041    0.00740399    0.999657
0.0844806    0.00724657    0.341055    0.0392344    0.00382595    0.00759183    0.999192
0.0949867    0.00735029    0.340994    0.0515949    0.00124036    0.00756882    0.998632
0.105553    0.00740204    0.341054    0.0556098    -0.00699803    0.00743637    0.998374
0.117256    0.00732954    0.341314    0.048583    -0.014948    0.00813391    0.998568
NEXT
0.116972    0.0133673    0.341563    -0.00534331    -0.0111428    0.00937816    0.999772
0.10538    0.0134342    0.341361    -0.00296485    -0.00604193    0.00674435    0.999929
0.0948557    0.0134024    0.341284    -0.00221891    -0.00165673    0.00673106    0.999967
0.0843648    0.013315    0.341266    -0.00329438    -0.000710509    0.00724299    0.999966
0.0738538    0.0131964    0.341228    -0.00283428    -0.00343294    0.00752841    0.999961
0.0633568    0.0130601    0.341125    4.65348e-05    -0.00617948    0.00760041    0.999952
0.0528724    0.0129063    0.340975    0.00245978    -0.00776677    0.00780252    0.999936
0.0423968    0.0127408    0.340817    0.00544151    -0.00682046    0.00796742    0.99993
0.031926    0.0125747    0.340705    0.0137601    -0.00355056    0.00791915    0.999868
0.0214603    0.0124128    0.340667    0.0254443    0.000238966    0.00780173    0.999646
0.011002    0.0122548    0.340707    0.0336749    0.00388618    0.0076969    0.999396
0.00054977    0.0120972    0.34081    0.0328329    0.00627622    0.00770903    0.999411
-0.0098999    0.0119355    0.340959    0.0201676    0.00881049    0.00780222    0.999727
-0.0203485    0.0117695    0.34119    0.00624232    0.0139121    0.00788026    0.999853
-0.0307969    0.0116002    0.341508    0.0028007    0.0146795    0.00791088    0.999857
-0.0412451    0.0114301    0.341723    0.00631079    0.00420752    0.00786379    0.99994
-0.0516955    0.0112616    0.34169    0.0100272    -0.00601673    0.00776266    0.999901
-0.0621562    0.011096    0.341521    0.00933997    -0.00875035    0.00769257    0.999888
-0.0726299    0.0109322    0.341375    0.00383134    -0.00370936    0.00783978    0.999955
-0.0831059    0.0107641    0.341415    0.000343926    0.00754288    0.00819668    0.999938
-0.0935787    0.0105962    0.341595    0.00158258    0.00684905    0.00818983    0.999942
-0.104055    0.0104471    0.341598    0.00323279    -0.00667016    0.00768942    0.999942
-0.114594    0.0103104    0.341405    0.00575616    -0.00899031    0.00755081    0.999914
-0.125282    0.0101542    0.341297    0.0147202    -0.00159429    0.00774218    0.99986
-0.135904    0.00996518    0.341254    0.0272691    -0.00403313    0.00785346    0.999587
-0.146094    0.00974442    0.34107    0.0348241    -0.0119359    0.0078099    0.999284
-0.156094    0.00949634    0.340846    0.0352467    -0.00738611    0.0068909    0.99931
-0.16674    0.00920914    0.34085    0.0281192    0.00989278    0.00503912    0.999498
NEXT
-0.166695    0.0153177    0.341158    0.0161869    0.00222632    0.00548994    0.999817
-0.156109    0.0155953    0.341227    0.0195967    -0.00791691    0.00716662    0.999735
-0.146143    0.0158418    0.341415    0.0126368    -0.00822728    0.00790686    0.999848
-0.135975    0.0160602    0.341475    -0.00082427    0.00347975    0.00769959    0.999962
-0.125371    0.0162417    0.341348    -0.0158305    0.00554531    0.00734706    0.999832
-0.114693    0.0163861    0.341349    -0.0223805    -0.00695327    0.00698774    0.9997
-0.104159    0.0165102    0.341534    -0.017967    -0.00771988    0.00715119    0.999783
-0.0936811    0.016652    0.341551    -0.0105862    0.0059789    0.00786879    0.999895
-0.0832036    0.0168192    0.341395    -0.00374522    0.0056481    0.00804433    0.999945
-0.0727231    0.0169883    0.341418    0.00353528    -0.00738212    0.00774449    0.999936
-0.0622467    0.0171526    0.341625    0.00773423    -0.0102741    0.00762153    0.999888
-0.0517858    0.017318    0.341778    0.0035232    -0.00350428    0.00770782    0.999958
-0.041337    0.0174852    0.341752    -0.00315941    0.00652533    0.00780926    0.999943
-0.0308901    0.0176525    0.341522    -0.00214445    0.013358    0.00786256    0.999878
-0.0204425    0.0178191    0.341285    0.00744691    0.00710341    0.00788456    0.999916
-0.00999454    0.0179848    0.341235    0.0214893    -0.0002338    0.00788106    0.999738
0.000454305    0.0181488    0.341225    0.0301863    0.00331504    0.00786473    0.999508
0.0109054    0.0183112    0.341103    0.0267072    0.00799199    0.00788335    0.99958
0.0213623    0.0184732    0.340933    0.0155778    0.00776732    0.00795649    0.999817
0.0318273    0.0186362    0.340812    0.00326723    0.00325456    0.00804049    0.999957
0.0422988    0.0188006    0.340824    -0.00373297    -0.0044664    0.00805977    0.999951
0.052775    0.0189641    0.340957    -0.00478207    -0.00708943    0.00796415    0.999932
0.0632545    0.0191211    0.341073    -0.00698442    -0.00359841    0.00793385    0.999937
0.0737437    0.019266    0.341115    -0.0118988    -0.00077451    0.00785916    0.999897
0.084252    0.0193928    0.341115    -0.0153493    0.000185867    0.00729059    0.999854
0.0947342    0.0194868    0.341119    -0.0168671    -0.00108625    0.00649483    0.999831
0.105214    0.0195262    0.341177    -0.018457    -0.00498151    0.00672542    0.999773
0.116669    0.0194853    0.341361    -0.0191367    -0.010972    0.0109541    0.99959
NEXT
0.116342    0.0256354    0.341236    -0.000196309    -0.0107585    0.0130642    0.99975
0.105054    0.0256351    0.341067    0.000615097    -0.00434635    0.00735742    0.999947
0.094621    0.025571    0.341017    0.000119352    -0.00107942    0.00666724    0.999974
0.0841423    0.0254603    0.341009    -0.00169    0.000104987    0.00745994    0.99997
0.0736309    0.0253229    0.341014    -0.00373921    4.20798e-05    0.00812965    0.999959
0.0631472    0.0251727    0.340991    -0.00532901    -0.00286986    0.00822235    0.999948
0.0526722    0.0250149    0.340878    -0.00650186    -0.00739444    0.00818331    0.999918
0.0421965    0.0248532    0.340747    -0.00675066    -0.00355175    0.00819065    0.999937
0.031726    0.0246907    0.340788    -0.00489878    0.00715788    0.00810884    0.999929
0.0212633    0.0245278    0.341008    -0.00111817    0.0127637    0.007999    0.999886
0.0108082    0.0243635    0.341277    0.00322452    0.0117503    0.00795395    0.999894
0.000358124    0.024198    0.341446    0.00637077    0.00323661    0.007952    0.999943
-0.0100902    0.0240316    0.341406    0.00625515    -0.00481715    0.00795262    0.999937
-0.0205377    0.0238651    0.341336    0.000497063    0.000341037    0.00793669    0.999968
-0.0309844    0.0236989    0.34144    -0.0103512    0.0083299    0.00790329    0.99988
-0.0414299    0.0235328    0.341634    -0.014361    0.00870726    0.00785348    0.999828
-0.0518768    0.0233668    0.341764    -0.00444599    0.00256991    0.00775345    0.999957
-0.0623366    0.0232028    0.341702    0.00559448    -0.0088547    0.00762144    0.999916
-0.0728139    0.0230398    0.341465    0.00470185    -0.0111748    0.00763138    0.999897
-0.0832968    0.0228725    0.341331    -0.00561462    -0.000869143    0.00779543    0.999953
-0.0937766    0.0227078    0.34133    -0.0223054    -0.00251818    0.00750373    0.99972
-0.104255    0.0225689    0.341123    -0.0424214    -0.017002    0.00669336    0.998933
-0.114785    0.0224494    0.340789    -0.058666    -0.0109026    0.00644384    0.998197
-0.125453    0.0223132    0.340814    -0.0598273    0.0110037    0.0067764    0.998125
-0.136044    0.0221426    0.341121    -0.0466238    0.0132309    0.00724362    0.998797
-0.146193    0.0219354    0.341265    -0.0287262    0.000575044    0.00768644    0.999551
-0.156133    0.0217006    0.341221    -0.0146753    -0.00380599    0.00731782    0.999847
-0.166676    0.0214391    0.341158    -0.0122027    -0.00278506    0.00628804    0.99988
NEXT
-0.166688    0.0275552    0.341    -0.0075833    -0.00660081    0.00686767    0.999915
-0.156169    0.0277903    0.341072    -0.00134763    -0.000264259    0.00711771    0.999966
-0.146243    0.0280018    0.340997    -0.0035673    0.00858696    0.00711857    0.999927
-0.136106    0.0281906    0.340696    -0.00875427    0.0206269    0.00662953    0.999725
-0.125526    0.0283515    0.340279    -0.012304    0.0143058    0.00628512    0.999802
-0.114866    0.0284886    0.34026    -0.0140607    -0.0144082    0.00618257    0.999778
-0.104341    0.028616    0.340726    -0.0133632    -0.025044    0.00651789    0.999576
-0.0938651    0.0287591    0.34112    -0.00773326    -0.0114834    0.00722996    0.999878
-0.0833853    0.0289217    0.341295    0.00126776    -0.0079387    0.00753714    0.999939
-0.0729031    0.0290858    0.341536    0.00749265    -0.0139312    0.00751788    0.999847
-0.0624275    0.0292465    0.341774    0.00699983    -0.00592521    0.00762756    0.999929
-0.0519696    0.0294087    0.341718    -0.001143    0.00963052    0.0077965    0.999923
-0.0415243    0.0295736    0.341473    -0.00963072    0.0113052    0.0078986    0.999859
-0.0310798    0.02974    0.34131    -0.0097084    0.00407934    0.00795931    0.999913
-0.0206336    0.0299074    0.341295    -0.00723291    -0.00267544    0.00799997    0.999938
-0.0101864    0.0300755    0.341384    -0.00985558    -0.00437866    0.00801428    0.99991
0.000261733    0.0302434    0.341408    -0.0114283    0.00341308    0.00799891    0.999897
0.0107113    0.0304102    0.341245    -0.0061587    0.0110518    0.00797655    0.999888
0.0211643    0.0305752    0.340988    0.000919586    0.0124093    0.00801095    0.99989
0.0316232    0.0307383    0.34077    0.00488798    0.00742338    0.00813835    0.999927
0.0420909    0.0309004    0.34072    0.00479519    -0.00285296    0.00825463    0.99995
0.0525651    0.0310611    0.340843    0.00255975    -0.00734015    0.0082653    0.999935
0.0630369    0.031218    0.340972    0.00343118    -0.00437391    0.00824398    0.99995
0.073519    0.0313696    0.341034    0.00749113    -0.00178073    0.00808495    0.999937
0.0840385    0.0315151    0.341061    0.00964741    -0.000915765    0.00743921    0.999925
0.0945158    0.0316434    0.341087    0.00997567    -0.00178873    0.006893    0.999924
0.104894    0.0317371    0.341153    0.0119019    -0.00493838    0.00826439    0.999871
0.115987    0.0317836    0.341324    0.0141619    -0.0106081    0.015409    0.999618
NEXT
0.128711    0.037963    0.342007    0.02252    -0.0266002    0.0395253    0.99788
0.115607    0.0379074    0.341529    0.0163198    -0.0125354    0.0172982    0.999537
0.104735    0.0378211    0.341308    0.0111776    -0.0072957    0.00884254    0.999864
0.0944204    0.0377041    0.341219    0.0098186    -0.00137356    0.00679048    0.999928
0.0839447    0.0375637    0.341215    0.0138115    0.000187987    0.00707966    0.99988
0.0734134    0.0374138    0.341183    0.0151441    -0.00351858    0.00772325    0.999849
0.0629287    0.0372619    0.341077    0.0122604    -0.0059551    0.00799335    0.999875
0.0524581    0.0371054    0.340952    0.013791    -0.00518224    0.00812288    0.999858
0.0419856    0.0369442    0.340881    0.0194856    -0.000678348    0.00814078    0.999777
0.0315211    0.0367811    0.340935    0.0199016    0.00567202    0.00804695    0.999753
0.0210659    0.0366173    0.341072    0.0114197    0.0066549    0.00794739    0.999881
0.0106147    0.0364526    0.341177    -0.00429061    0.00333808    0.00792823    0.999954
0.000165244    0.0362864    0.341215    -0.0176329    9.16683e-05    0.00797906    0.999813
-0.0102829    0.0361181    0.341196    -0.0177412    -0.00157072    0.00802    0.999809
-0.0207298    0.0359488    0.341179    -0.00966948    0.00026945    0.00800767    0.999921
-0.0311755    0.0357801    0.341235    -0.0023293    0.00561623    0.00795705    0.99995
-0.0416195    0.0356132    0.341439    0.00289599    0.0143378    0.00789072    0.999862
-0.0520641    0.035449    0.341759    0.00638072    0.0133083    0.00781484    0.999861
-0.0625199    0.0352881    0.34187    0.00781195    -0.00458078    0.00766527    0.99993
-0.0729918    0.0351291    0.341634    0.00732655    -0.0148891    0.00750468    0.999834
-0.0834708    0.0349677    0.341361    0.00684875    -0.00971666    0.00744321    0.999902
-0.0939482    0.0348052    0.341171    0.0113222    -0.0101115    0.00725228    0.999858
-0.10442    0.0346503    0.340869    0.0285636    -0.0175166    0.00683638    0.999415
-0.114939    0.0345029    0.340564    0.0515847    -0.00738423    0.00649582    0.99862
-0.125591    0.0343532    0.340654    0.0601014    0.0150721    0.00631153    0.998059
-0.136163    0.0341955    0.341039    0.0530924    0.018569    0.00635576    0.998396
-0.146293    0.0340271    0.341287    0.0423449    0.00596703    0.0066251    0.999061
-0.156214    0.0338476    0.341276    0.0296597    -0.00603274    0.0068237    0.999516
-0.16673    0.0336489    0.341048    0.0134624    -0.0139498    0.00727171    0.999783
NEXT
-0.166806    0.0397366    0.341268    0.0205067    -0.0195978    0.00778266    0.999567
-0.156279    0.0398958    0.341642    0.0248546    -0.0129018    0.00699217    0.999583
-0.146357    0.040043    0.341773    0.027908    0.000219941    0.00690061    0.999587
-0.136231    0.0401934    0.341644    0.0334086    0.0121779    0.00707558    0.999343
-0.125665    0.0403528    0.341353    0.0401139    0.0136922    0.00734674    0.999074
-0.115019    0.0405181    0.341164    0.0338716    0.00344456    0.00763266    0.999391
-0.104504    0.0406854    0.341181    0.0136244    -0.00337745    0.00776992    0.999871
-0.094035    0.040851    0.341261    -0.00177727    -0.0039965    0.0077475    0.99996
-0.0835597    0.0410134    0.341387    -0.00528462    -0.00920339    0.00769553    0.999914
-0.0730835    0.0411726    0.341669    -0.00307797    -0.0159812    0.0076814    0.999838
-0.0626142    0.0413306    0.341931    0.0011149    -0.00597876    0.00772894    0.999952
-0.0521587    0.0414905    0.341842    0.00590671    0.0126729    0.00775175    0.999872
-0.0417131    0.0416537    0.341519    0.0089528    0.0155852    0.00775444    0.999808
-0.031269    0.0418204    0.341265    0.0076143    0.00913151    0.00781313    0.999899
-0.0208241    0.0419895    0.34112    0.00236779    0.00529086    0.00788723    0.999952
-0.0103779    0.0421592    0.341042    -0.00412745    0.00184056    0.0079254    0.999958
6.99789e-05    0.0423273    0.341056    -0.00551197    -0.00349485    0.00787973    0.999948
0.0105199    0.0424928    0.341159    0.00189901    -0.00517484    0.00779442    0.999954
0.0209712    0.0426574    0.341224    0.0120488    -0.000161337    0.00774109    0.999897
0.0314251    0.0428225    0.341186    0.0187209    0.00327299    0.00769732    0.99979
0.0418881    0.0429872    0.341127    0.0185617    0.00194823    0.00765892    0.999796
0.0523596    0.0431495    0.341127    0.0131368    -0.00195188    0.00757429    0.999883
0.0628308    0.0433064    0.341223    0.0101113    -0.00648891    0.00738274    0.999901
0.0733213    0.0434587    0.341347    0.00975779    -0.00381668    0.00703474    0.99992
0.0838678    0.0436104    0.341344    0.00523542    0.0034259    0.00630751    0.99996
0.094343    0.0437572    0.341278    -0.0020705    0.0010182    0.00607987    0.999979
0.104589    0.0438895    0.341358    -0.00536947    -0.00885156    0.00852235    0.999907
0.115224    0.0440069    0.341624    -0.00362871    -0.0152979    0.0178065    0.999635
0.127731    0.0441208    0.342174    0.00501211    -0.0327657    0.0417008    0.997877
NEXT
0.143796    0.0505119    0.344221    0.0235332    -0.0818515    0.0967113    0.987545
0.126779    0.0502514    0.342052    -0.0163174    -0.0412778    0.0400773    0.99766
0.114872    0.0500913    0.341437    -0.0218281    -0.0162218    0.0165376    0.999444
0.104473    0.049951    0.341191    -0.0180941    -0.00684687    0.00745013    0.999785
0.0942917    0.0498087    0.341177    -0.0119079    0.00509671    0.00512772    0.999901
0.0838123    0.0496584    0.341332    -0.00582491    0.00727951    0.00552819    0.99994
0.0732467    0.0495055    0.341395    -0.00151136    -0.00235033    0.00642661    0.999975
0.0627488    0.0493521    0.341293    0.001343    -0.00541083    0.00685    0.999961
0.0522762    0.0491945    0.341242    0.0056266    0.00101573    0.00705512    0.999959
0.0418043    0.0490317    0.341301    0.0104176    0.00385763    0.00719016    0.999912
0.0313394    0.0488657    0.341363    0.0110413    0.00158276    0.00737806    0.99991
0.0208822    0.0486988    0.341348    0.00873876    -0.00322897    0.00758758    0.999928
0.0104282    0.0485328    0.341224    0.00858109    -0.00729838    0.00771684    0.999907
-2.29455e-05    0.0483666    0.341097    0.0107119    -0.00331458    0.00780969    0.999907
-0.0104703    0.0481984    0.341111    0.0129107    0.00412252    0.00784396    0.999877
-0.0209152    0.0480291    0.341234    0.0136537    0.00716014    0.0077939    0.999851
-0.0313593    0.0478611    0.341398    0.0117728    0.00908032    0.0077221    0.99986
-0.0418042    0.0476958    0.341625    0.00686454    0.0131383    0.00768554    0.999861
-0.0522526    0.0475343    0.34188    -0.000363981    0.00878668    0.00773696    0.999931
-0.0627108    0.0473755    0.34189    -0.00699681    -0.00950428    0.0078265    0.9999
-0.0731812    0.0472181    0.341565    -0.011416    -0.0185518    0.00790307    0.999731
-0.083658    0.047061    0.341242    -0.0146526    -0.0105173    0.00798566    0.999805
-0.094134    0.0469012    0.341124    -0.0155184    -0.00149025    0.00817079    0.999845
-0.104604    0.0467337    0.341163    -0.0100564    0.0045359    0.00847704    0.999903
-0.115118    0.0465597    0.341308    -0.00222972    0.00896789    0.00861811    0.99992
-0.125763    0.0463863    0.34153    -0.003013    0.0112613    0.00847485    0.999896
-0.136325    0.0462249    0.341755    -0.00882141    0.00914815    0.00805063    0.999887
-0.146449    0.0460871    0.341879    -0.00688159    0.00195839    0.00748217    0.999946
-0.156373    0.0459652    0.341805    0.00224277    -0.0101313    0.00737785    0.999918
-0.16692    0.0458398    0.341482    0.0120447    -0.0172489    0.00829233    0.999741
NEXT
-0.167065    0.0519536    0.341491    -0.0125272    -0.0122096    0.0086078    0.999801
-0.156489    0.0520527    0.341698    -0.0192619    -0.00476904    0.00753347    0.999771
-0.146561    0.0521557    0.341689    -0.0210658    0.00414147    0.00770456    0.999738
-0.13644    0.0522824    0.341584    -0.0136834    0.00493371    0.00844981    0.999857
-0.125878    0.0524404    0.341473    0.000786888    0.00604553    0.00887715    0.999942
-0.115231    0.0526125    0.341304    0.008779    0.00993381    0.00883619    0.999873
-0.104712    0.052784    0.3411    0.00584472    0.00825871    0.0085229    0.999912
-0.0942393    0.0529486    0.341011    0.00156929    -0.000371969    0.00818193    0.999965
-0.0837622    0.0531065    0.341125    -0.000906834    -0.0106416    0.0080752    0.99991
-0.0732838    0.053263    0.341447    -0.00547311    -0.0183302    0.0080588    0.999784
-0.0628107    0.0534207    0.341779    -0.0103541    -0.0107282    0.00799096    0.999857
-0.0523494    0.0535792    0.341821    -0.0099445    0.0051831    0.00792917    0.999906
-0.0418982    0.0537396    0.341648    -0.00466215    0.00908293    0.00791152    0.999917
-0.0314517    0.053903    0.341495    0.00205435    0.00588256    0.00791149    0.999949
-0.0210071    0.0540693    0.341387    0.00899575    0.00494698    0.00790776    0.999916
-0.0105625    0.0542377    0.341295    0.0151646    0.00342773    0.00789071    0.999848
-0.000114999    0.0544063    0.341273    0.0167291    -0.00159852    0.00783584    0.999828
0.0103375    0.0545738    0.341352    0.0120519    -0.00485028    0.00777243    0.999885
0.0207953    0.0547416    0.341444    0.00765904    -0.00307115    0.00764436    0.999937
0.0312584    0.0549101    0.341467    0.00680402    0.00125553    0.00737898    0.999949
0.041727    0.0550769    0.341386    0.00367024    0.00633008    0.00714955    0.999947
0.0521997    0.0552401    0.341256    -0.00346691    0.0045603    0.00703234    0.999959
0.0626742    0.0553988    0.341246    -0.00940167    -0.00335542    0.00683019    0.999927
0.073182    0.0555545    0.341316    -0.0112709    -0.00138618    0.00630438    0.999915
0.0837718    0.0557105    0.341235    -0.00907037    0.00809635    0.00518102    0.99991
0.0942651    0.0558656    0.341054    -0.00607619    0.00697842    0.00436324    0.999943
0.104398    0.0560172    0.341013    -0.00748551    -0.00350506    0.00586258    0.999947
0.114595    0.0561759    0.341187    -0.0142968    -0.013299    0.0132339    0.999708
0.125964    0.0563705    0.341766    -0.021711    -0.0455901    0.0333517    0.997877
0.141541    0.0566949    0.344133    -0.00632014    -0.101127    0.0843741    0.988484
NEXT
0.125382    0.0624912    0.341495    -0.0170703    -0.0402432    0.0241941    0.998665
0.114424    0.0622717    0.341096    -0.00166881    -0.00669873    0.0095432    0.999931
0.104368    0.0620961    0.341006    0.00421337    -0.00185462    0.0047468    0.999972
0.0942544    0.0619324    0.341031    0.00104235    0.00419636    0.00434522    0.999975
0.0837351    0.0617679    0.341135    -0.00669624    0.00429732    0.00550018    0.999951
0.0731165    0.0616057    0.341161    -0.0120898    -0.00240386    0.00664316    0.999902
0.0625966    0.0614466    0.341103    -0.0116205    -0.00125109    0.00714101    0.999906
0.05212    0.0612864    0.341184    -0.0067555    0.00884408    0.00728546    0.999911
0.0416476    0.0611226    0.341402    -0.000500474    0.00987146    0.00732353    0.999924
0.0311759    0.0609554    0.341528    0.003068    0.00216634    0.00747913    0.999965
0.0207072    0.0607862    0.341525    0.00497874    -0.00160036    0.00768613    0.999957
0.0102463    0.0606174    0.341489    0.00927479    -0.00151717    0.00777325    0.999926
-0.000207133    0.0604489    0.341461    0.0127577    -0.000872626    0.00781864    0.999888
-0.010656    0.06028    0.341449    0.00983562    -0.000104432    0.00790316    0.99992
-0.0211029    0.0601122    0.341452    0.00310682    0.000419609    0.00797617    0.999963
-0.0315501    0.0599474    0.341473    -0.0029252    0.00200704    0.00803628    0.999961
-0.0419988    0.0597853    0.341553    -0.008014    0.00583542    0.00807732    0.999918
-0.0524513    0.0596251    0.341678    -0.0111449    0.00431443    0.00808195    0.999896
-0.062914    0.0594655    0.341668    -0.00650554    -0.00660019    0.0081012    0.999924
-0.0733886    0.0593062    0.34145    0.00631133    -0.0123175    0.00811842    0.999871
-0.0838668    0.0591479    0.341225    0.0161264    -0.00758099    0.00805203    0.999809
-0.0943432    0.0589893    0.341154    0.0189106    0.00149492    0.00804889    0.999788
-0.10482    0.0588263    0.341293    0.0218499    0.0112059    0.00834007    0.999664
-0.115346    0.0586599    0.341525    0.023606    0.00872947    0.00868959    0.999645
-0.125999    0.0584964    0.341578    0.014232    -0.00281027    0.00876162    0.999855
-0.136564    0.0583496    0.341476    -0.00397565    -0.00488853    0.00834465    0.999943
-0.146684    0.0582354    0.341428    -0.0198908    -0.000799948    0.00760724    0.999769
-0.156618    0.0581463    0.341392    -0.0274089    -0.00444485    0.00751685    0.99958
-0.167232    0.0580653    0.341232    -0.0245925    -0.00909433    0.00886373    0.999602
NEXT
-0.167415    0.0641593    0.34101    -0.00753384    -0.00318093    0.00915001    0.999904
-0.156752    0.0642313    0.341113    -0.0153588    -0.00592397    0.00744272    0.99983
-0.146808    0.0643142    0.341253    -0.00717529    -0.00883779    0.007356    0.999904
-0.136688    0.0644198    0.341487    0.0058078    -0.0141832    0.00798496    0.999848
-0.126122    0.0645548    0.341762    0.0142467    -0.00926179    0.00843877    0.999819
-0.115461    0.064709    0.341784    0.0158232    0.00819892    0.00847897    0.999805
-0.104924    0.0648716    0.341532    0.0139312    0.0125413    0.00815248    0.999791
-0.094443    0.0650343    0.341392    0.0176544    0.000159087    0.00786328    0.999813
-0.0839683    0.0651944    0.341476    0.0237598    -0.00622869    0.00789989    0.999667
-0.0734919    0.0653544    0.341599    0.0180555    -0.00447644    0.00801699    0.999795
-0.0630171    0.0655151    0.341655    0.00535429    -0.000411481    0.00804556    0.999953
-0.0525538    0.0656756    0.341615    0.00231787    0.00373382    0.00800843    0.999958
-0.0421001    0.0658359    0.341532    0.0065523    0.0035031    0.00793951    0.999941
-0.031649    0.0659966    0.341489    0.00742651    0.000792373    0.00787218    0.999941
-0.0211986    0.0661599    0.341494    0.00477178    -0.000919412    0.00784385    0.999957
-0.0107483    0.0663273    0.341521    0.00179379    -0.00139166    0.00779319    0.999967
-0.000297108    0.0664967    0.341543    -0.000202846    -0.000464001    0.0076945    0.99997
0.0101574    0.0666659    0.341544    -0.000872063    8.43768e-05    0.00763515    0.99997
0.02062    0.0668353    0.341549    -0.00122961    -0.00062568    0.00760796    0.99997
0.0310915    0.0670048    0.341537    -0.00177431    0.00283625    0.0075585    0.999966
0.0415633    0.0671724    0.341388    -0.00145915    0.0113359    0.00756339    0.999906
0.0520332    0.0673366    0.341136    -0.000177577    0.0106079    0.00764192    0.999915
0.0625102    0.0674976    0.341024    0.000456985    -0.000159313    0.00762687    0.999971
0.0730405    0.0676595    0.341077    4.03154e-05    -0.00299644    0.00735992    0.999968
0.0836868    0.0678293    0.34109    -0.000201771    0.00161961    0.00652159    0.999976
0.0942389    0.0680055    0.341048    0.000877535    0.00129328    0.00528915    0.99998
0.104362    0.0681824    0.341064    0.00357865    -0.00239311    0.00461404    0.99997
0.114347    0.0683734    0.341113    0.00329539    -0.00161431    0.00651625    0.999965
0.125052    0.068614    0.341338    -0.00575057    -0.0316369    0.0145971    0.999374
NEXT
0.124955    0.074738    0.341326    0.00334189    -0.0267884    0.00734158    0.999584
0.114343    0.0744727    0.34116    0.00390458    -0.00126896    0.00471013    0.99996
0.104359    0.0742669    0.341093    0.00160942    -0.00390845    0.0050137    0.999968
0.0942037    0.0740774    0.341063    0.00246864    0.00194792    0.00640453    0.999971
0.0836174    0.0738895    0.341136    0.0078464    0.00351604    0.00754805    0.999934
0.0729494    0.073713    0.341151    0.0112059    -0.00235801    0.00797512    0.999903
0.0624132    0.0735505    0.341092    0.00894158    -0.001256    0.00795904    0.999927
0.0519388    0.0733903    0.341164    0.00322102    0.00819287    0.00787037    0.99993
0.0414738    0.0732262    0.341369    -0.00212466    0.00959549    0.00774377    0.999922
0.0310049    0.0730583    0.341503    -0.00278003    0.00313617    0.00767652    0.999962
0.0205339    0.0728884    0.341526    -0.000705113    -0.000329632    0.00765769    0.99997
0.0100707    0.072719    0.341513    -0.00141703    -0.000671472    0.00766013    0.999969
-0.000385093    0.0725497    0.341505    -0.00294778    2.863e-05    0.00772557    0.999966
-0.0108386    0.0723798    0.34152    -0.00046913    0.00127666    0.00778849    0.999969
-0.0212915    0.0722125    0.341558    0.00489689    0.00236433    0.00774133    0.999955
-0.0317442    0.0720508    0.341612    0.00978287    0.00269428    0.00768174    0.999919
-0.0421974    0.0718918    0.341658    0.0105272    0.00171436    0.00774003    0.999913
-0.0526531    0.0717322    0.34169    0.00689814    0.00191028    0.0078492    0.999944
-0.0631175    0.0715717    0.341754    0.0083282    0.00453214    0.00790663    0.999924
-0.0735914    0.0714109    0.341829    0.0169594    0.00126326    0.00787005    0.999824
-0.0840652    0.0712502    0.341742    0.0176517    -0.00935782    0.00774942    0.99977
-0.0945381    0.0710889    0.341546    0.00683558    -0.00582732    0.00771418    0.99993
-0.105025    0.0709245    0.341615    -0.000292226    0.0119749    0.00797767    0.999896
-0.115573    0.0707619    0.341891    0.00181725    0.0100114    0.00819365    0.999914
-0.126241    0.0706128    0.341895    0.00713466    -0.00924351    0.00803317    0.999898
-0.136809    0.0704846    0.341586    0.00940521    -0.0177459    0.0076774    0.999767
-0.14693    0.0703809    0.341241    0.00444417    -0.0149806    0.00733769    0.999847
-0.156889    0.0702967    0.341024    0.000209344    -0.00598017    0.00771221    0.999945
-0.167614    0.070228    0.341036    0.0098728    0.0070119    0.00981398    0.99985
NEXT
-0.167839    0.0762803    0.341206    0.0158435    0.0141873    0.0106212    0.999675
-0.157036    0.0763401    0.341102    0.0119937    -0.00485637    0.00822518    0.999872
-0.147053    0.0764252    0.341332    0.00986756    -0.0162403    0.0075129    0.999787
-0.136925    0.0765295    0.341677    0.00514501    -0.0158358    0.00743915    0.999832
-0.126351    0.076655    0.341917    -0.00319087    -0.00527793    0.00755116    0.999952
-0.115676    0.0768041    0.341834    -0.0101762    0.0127252    0.00781424    0.999837
-0.105119    0.0769717    0.341533    -0.0119396    0.0110237    0.00783685    0.999837
-0.0946293    0.0771419    0.341536    -0.00776874    -0.0114554    0.00769785    0.999875
-0.0841588    0.0773073    0.341843    -0.00139895    -0.013383    0.00772625    0.99988
-0.0736876    0.0774698    0.341941    0.000309623    0.00360685    0.00777431    0.999963
-0.0632143    0.0776307    0.341797    -0.00237576    0.00738988    0.0077542    0.99994
-0.0527488    0.0777906    0.341711    -0.00474233    0.00124745    0.00769015    0.999958
-0.0422913    0.0779493    0.341702    -0.0051149    0.000641006    0.00760137    0.999958
-0.031837    0.0781068    0.341659    -0.00331947    0.00297979    0.00758757    0.999961
-0.0213839    0.0782671    0.341593    0.000391741    0.00300179    0.00774734    0.999965
-0.0109308    0.0784339    0.341545    0.00534491    0.00142396    0.00793053    0.999953
-0.000476883    0.0786029    0.34154    0.00999091    -0.000944512    0.00795054    0.999918
0.00997981    0.0787703    0.341573    0.0122501    -0.0013164    0.00790132    0.999893
0.020444    0.0789384    0.341574    0.00925551    0.00191008    0.00787773    0.999924
0.0309151    0.079108    0.341493    0.00163275    0.00580477    0.00782509    0.999951
0.0413813    0.0792759    0.341336    -0.00308566    0.00866571    0.00781237    0.999927
0.0518411    0.0794393    0.341183    -0.000576293    0.00449152    0.00789398    0.999959
0.0623106    0.0795971    0.341198    0.00766412    -0.00541468    0.00801791    0.999924
0.0728482    0.0797578    0.341321    0.0159261    -0.00365568    0.00827651    0.999832
0.0835318    0.0799383    0.341282    0.0157474    0.00676684    0.00824426    0.999819
0.09415    0.0801358    0.341129    0.00854094    0.00556276    0.00733048    0.999919
0.10435    0.0803371    0.341115    0.00218684    -0.00328509    0.00577884    0.999965
0.114376    0.0805605    0.341196    0.0014146    -0.00302971    0.00444699    0.999955
0.125018    0.0808643    0.341393    0.00633558    -0.0264288    0.00391681    0.999534
NEXT
0.125153    0.0869929    0.341468    0.00458025    -0.0303189    0.00501417    0.999385
0.114413    0.0866353    0.34118    -0.00471705    -0.0049339    0.00549479    0.99993
0.104329    0.0863933    0.341127    -0.00110834    0.000645915    0.00648816    0.999969
0.0940853    0.0861837    0.341243    0.00881825    0.0107953    0.0076519    0.999871
0.0834394    0.085981    0.341485    0.0162224    0.00928891    0.00830367    0.99979
0.072744    0.0857998    0.341517    0.0158554    -0.00707814    0.00815809    0.999816
0.0622071    0.085642    0.341289    0.00835237    -0.0109891    0.00788526    0.999873
0.0517432    0.0854866    0.341183    0.00238674    0.00198482    0.00783498    0.999964
0.0412885    0.0853234    0.341324    0.00233339    0.0100509    0.00778005    0.999916
0.0308233    0.0851552    0.341547    0.00710872    0.010305    0.0078189    0.999891
0.0203499    0.084986    0.34172    0.0132371    0.00565739    0.0079044    0.999865
0.00988358    0.0848199    0.34176    0.0160533    -0.00109457    0.00792817    0.999839
-0.000573548    0.084655    0.3417    0.0137687    -0.00366781    0.00797952    0.999867
-0.011026    0.0844874    0.341625    0.00657703    -0.00311099    0.00795501    0.999942
-0.021477    0.0843213    0.341575    -0.00287412    -0.00154037    0.00774552    0.999965
-0.0319292    0.0841616    0.341562    -0.0109101    8.40937e-05    0.00756967    0.999912
-0.0423838    0.0840052    0.341575    -0.0132874    0.000855404    0.00756961    0.999883
-0.0528424    0.0838479    0.341615    -0.00881495    0.00333957    0.00764141    0.999926
-0.0633089    0.0836892    0.34174    -0.00498067    0.00848848    0.00771201    0.999922
-0.0737821    0.0835281    0.341891    -0.00575091    0.00324883    0.00778361    0.999948
-0.0842503    0.0833622    0.341776    -0.00575574    -0.0145864    0.00777497    0.999847
-0.0947162    0.0831896    0.341442    -0.00331492    -0.0126623    0.00766856    0.999885
-0.105205    0.0830105    0.34142    -0.00257623    0.0106477    0.0076126    0.999911
-0.115766    0.0828354    0.34173    -0.00357604    0.0141425    0.00735916    0.999866
-0.12645    0.0826834    0.341867    -0.00244226    -0.00159478    0.00704249    0.999971
-0.137035    0.0825581    0.341717    0.00233867    -0.0113872    0.00715774    0.999905
-0.147177    0.082453    0.341456    0.0101484    -0.0126135    0.00747811    0.999837
-0.157192    0.0823701    0.341278    0.0157469    -0.00339278    0.00823773    0.999825
-0.168089    0.08233    0.341388    0.0120792    0.013545    0.0103366    0.999724
NEXT
-0.168343    0.0883944    0.341474    0.00238271    0.00508264    0.0085229    0.999881
-0.157346    0.088409    0.341448    0.0121939    -0.00257928    0.00759992    0.999884
-0.147296    0.0884923    0.341557    0.00672863    -0.00780809    0.00718074    0.999919
-0.137137    0.0886007    0.341746    0.00285919    -0.0100326    0.00684054    0.999921
-0.126536    0.0887264    0.341909    0.00927419    -0.00360216    0.00657108    0.999929
-0.115842    0.0888794    0.34183    0.0194179    0.0114101    0.00689042    0.999722
-0.10528    0.0890584    0.341563    0.0253556    0.0104247    0.00730801    0.999596
-0.0947967    0.089243    0.341542    0.0199317    -0.00822596    0.00759327    0.999738
-0.08434    0.089421    0.341781    0.007407    -0.0107154    0.00786856    0.999884
-0.0738773    0.0895893    0.341867    0.00257474    0.0026778    0.00790385    0.999962
-0.0634048    0.0897494    0.34173    0.00387831    0.00891904    0.0078007    0.999922
-0.0529374    0.0899057    0.341551    -0.000864127    0.00751577    0.00770672    0.999942
-0.0424777    0.0900604    0.341436    -0.00807393    0.00281977    0.00762575    0.999934
-0.0320221    0.0902154    0.341439    -0.00793882    -0.00281209    0.00760565    0.999936
-0.0215699    0.0903751    0.341535    -0.00277364    -0.00606694    0.00773824    0.999948
-0.0111201    0.0905426    0.341676    0.00182432    -0.00705503    0.0078855    0.999942
-0.000668837    0.090712    0.341816    0.00471008    -0.00589163    0.00784126    0.999941
0.00978883    0.0908783    0.341901    0.00631891    -0.00156391    0.0077518    0.999949
0.0202577    0.0910456    0.341857    0.00837527    0.00628115    0.00771574    0.999915
0.030734    0.0912161    0.341664    0.0114436    0.0113777    0.00764157    0.99984
0.041198    0.0913864    0.341422    0.0133242    0.010859    0.00766462    0.999823
0.051647    0.0915519    0.341278    0.0132684    0.00149747    0.007749    0.999881
0.0621066    0.0917084    0.341416    0.0128364    -0.0132798    0.00765551    0.9998
0.072646    0.0918656    0.341687    0.011838    -0.00825962    0.00770704    0.999866
0.0833538    0.0920454    0.341641    0.00863112    0.0117057    0.00779169    0.999863
0.0940222    0.092246    0.341312    0.00187067    0.0162191    0.00742051    0.999837
0.104298    0.0924538    0.341068    -0.00880632    0.00634287    0.00713457    0.999909
0.114425    0.0927061    0.341068    -0.0137956    -0.0069088    0.00775328    0.999828
0.125261    0.0931212    0.341495    -0.00186252    -0.038342    0.0103905    0.999088
NEXT
0.125254    0.0992222    0.341397    -0.0153265    -0.0466783    0.0186333    0.998555
0.114366    0.0987711    0.340854    -0.0209773    -0.00749247    0.0119552    0.999677
0.10423    0.098529    0.340927    -0.0139658    0.0125636    0.0092215    0.999781
0.0939502    0.0983394    0.341295    -0.00461292    0.0208384    0.0080678    0.999739
0.0832741    0.0981516    0.341698    0.0006317    0.0142655    0.00760447    0.999869
0.0725582    0.0979769    0.341799    0.00645382    -0.00557119    0.00723785    0.999937
0.062014    0.0978183    0.341583    0.0137874    -0.0110714    0.00725844    0.999817
0.0515566    0.0976579    0.341474    0.0171402    0.00199321    0.00742199    0.999823
0.041114    0.0974889    0.341606    0.014665    0.00929158    0.00731112    0.999822
0.030652    0.0973165    0.341795    0.00839434    0.00807866    0.00724399    0.999905
0.0201726    0.0971443    0.34192    0.00190041    0.00352289    0.00735962    0.999965
0.00970034    0.0969737    0.34193    -0.000688683    -0.0023655    0.00751807    0.999969
-0.000759463    0.0968027    0.341839    0.000507364    -0.00589903    0.00773149    0.999952
-0.0112119    0.0966288    0.341697    0.00312001    -0.00741797    0.00787164    0.999937
-0.0216627    0.0964586    0.341536    0.00426347    -0.00774086    0.00776676    0.999931
-0.032117    0.096299    0.341398    0.0024593    -0.00429293    0.00763633    0.999959
-0.0425751    0.0961466    0.3414    0.00268849    0.00543091    0.00767492    0.999952
-0.0530374    0.095996    0.341595    0.0077288    0.0116482    0.007833    0.999871
-0.063507    0.0958435    0.341818    0.00961418    0.00845252    0.00806133    0.999885
-0.0739794    0.0956854    0.341929    0.00632654    0.00217301    0.00830891    0.999943
-0.084436    0.0955175    0.341906    0.0108438    -0.00372955    0.00840204    0.999899
-0.0948813    0.0953394    0.341836    0.0240086    -0.000895625    0.00818266    0.999678
-0.105356    0.0951566    0.341923    0.0282609    0.00911471    0.00788425    0.999528
-0.115918    0.0949808    0.342098    0.019632    0.00496007    0.00742274    0.999767
-0.12662    0.0948283    0.342034    0.00846581    -0.00985186    0.00689317    0.999892
-0.137232    0.0946966    0.341779    0.00255022    -0.0114993    0.00677798    0.999907
-0.147399    0.0945726    0.341631    0.00635489    -0.00340232    0.00651114    0.999953
-0.157471    0.0944734    0.341591    0.0124938    -0.00174175    0.00586192    0.999901
-0.168559    0.0944755    0.34151    0.00632338    -0.00590649    0.00430536    0.999901
NEXT
-0.168676    0.100553    0.34167    0.0176747    -0.0101633    -0.00196893    0.999772
-0.157528    0.100564    0.341763    0.0141454    0.00098725    0.00341139    0.99989
-0.147465    0.100713    0.341723    0.00800145    0.00113756    0.00577892    0.999947
-0.13732    0.10088    0.341801    0.00122176    -0.00983631    0.0071135    0.999925
-0.126721    0.101034    0.342062    -0.00356313    -0.012194    0.00799182    0.999887
-0.116024    0.10119    0.342217    -0.000634639    -0.00101072    0.00882285    0.99996
-0.105463    0.101356    0.342152    0.00802966    0.00567118    0.00919143    0.999909
-0.0949925    0.101528    0.342045    0.00922497    0.00381743    0.00932969    0.999906
-0.0845531    0.101699    0.341996    0.00311376    0.00104549    0.00932064    0.99995
-0.0740978    0.101864    0.341994    0.00339133    8.78322e-05    0.00899997    0.999953
-0.0636211    0.102019    0.341945    0.0100229    0.00581257    0.00851898    0.999896
-0.0531455    0.102168    0.341735    0.0137607    0.0127123    0.00804298    0.999792
-0.0426774    0.102313    0.341513    0.0143872    0.00633783    0.00771727    0.999846
-0.0322149    0.102461    0.341515    0.0152546    -0.00494494    0.00762247    0.999842
-0.021757    0.102618    0.341657    0.0141944    -0.00677755    0.00775359    0.999846
-0.0113024    0.102789    0.341774    0.00858805    -0.00439047    0.00781016    0.999923
-0.000845287    0.102965    0.341852    0.00142061    -0.00313666    0.0075299    0.999965
0.00962043    0.103139    0.341902    -0.00362486    -0.00147088    0.00710345    0.999967
0.0200988    0.103309    0.341903    -0.00469158    0.00148862    0.00672674    0.999964
0.0305825    0.103479    0.341842    -0.00109013    0.00409349    0.00652475    0.999969
0.0410429    0.103649    0.341739    0.00610579    0.0052926    0.00661713    0.999944
0.0514795    0.103818    0.341664    0.0126376    0.00104244    0.00676034    0.999896
0.0619352    0.103981    0.341735    0.0104989    -0.00679255    0.00663998    0.999899
0.0724797    0.104139    0.341843    0.00118209    -0.000587287    0.00676714    0.999976
0.0831854    0.104301    0.341667    -0.00467646    0.016451    0.00780658    0.999823
0.0938355    0.104462    0.341216    -0.00695377    0.0238948    0.00961269    0.999642
0.104076    0.104612    0.340753    -0.0126298    0.0183266    0.0125557    0.999662
0.114176    0.10481    0.34058    -0.0211725    -0.00405114    0.0174198    0.999603
0.12506    0.10524    0.341104    -0.028325    -0.0480602    0.028129    0.998043
NEXT
0.124653    0.111039    0.340832    -0.00862993    -0.041152    0.0364286    0.99841
0.113822    0.110706    0.340445    0.0031993    0.00175317    0.0228853    0.999619
0.103807    0.110587    0.340703    0.00685665    0.0214013    0.0164149    0.999543
0.0936556    0.110492    0.341189    0.00440178    0.0237999    0.0118132    0.999616
0.0830751    0.110366    0.341627    -0.000372555    0.0164995    0.008499    0.999826
0.0724078    0.110219    0.341844    -0.00037371    0.00346603    0.00652853    0.999972
0.0618739    0.110063    0.341828    0.0042058    -0.00341114    0.0059955    0.999966
0.0514225    0.109898    0.341764    0.00287463    -0.00187056    0.00588212    0.999975
0.0409917    0.10973    0.341748    -0.00516846    0.000253804    0.00563036    0.999968
0.0305324    0.109565    0.341771    -0.0107083    0.00156336    0.00547956    0.999924
0.0200433    0.109401    0.341808    -0.0109217    0.00159086    0.0057492    0.99992
0.00955519    0.109234    0.341835    -0.00780087    0.000861108    0.00635553    0.999947
-0.00092144    0.109062    0.341852    -0.00245908    0.00078802    0.00703075    0.999971
-0.0113879    0.108887    0.341864    0.00434294    -6.03429e-05    0.00751085    0.999962
-0.02185    0.108719    0.341825    0.0109028    -0.00408114    0.00760379    0.999903
-0.0323144    0.108568    0.341716    0.0152817    -0.00438256    0.00759845    0.999845
-0.0427847    0.108427    0.341712    0.0162139    0.00575954    0.00786268    0.99982
-0.0532632    0.108288    0.341908    0.0130483    0.0105943    0.00843289    0.999822
-0.0637503    0.108145    0.342048    0.00581518    0.0011283    0.00919465    0.999938
-0.0742369    0.107994    0.342    -0.00295965    -0.00359731    0.00991031    0.999937
-0.0846981    0.107837    0.341982    -0.00563856    0.00284516    0.0104228    0.999922
-0.0951391    0.107677    0.342083    -0.00249707    0.00545833    0.0105937    0.999921
-0.10561    0.10752    0.342159    -0.00543328    0.00107173    0.0104844    0.999925
-0.116165    0.107365    0.342124    -0.0127507    -0.00462158    0.010076    0.999854
-0.126835    0.107199    0.341972    -0.00965874    -0.00879516    0.00880786    0.999876
-0.137385    0.107007    0.341812    0.000719149    -0.00498731    0.00696875    0.999958
-0.147466    0.106775    0.341801    0.00375249    0.00307044    0.00436342    0.999948
-0.157479    0.106551    0.341869    0.000479386    0.00215647    -0.00010677    0.999952
-0.168641    0.106505    0.341816    0.00123099    -0.00762836    -0.0103456    0.999916
-0.18469    0.107342    0.341386    0.0199142    -0.018474    -0.0189443    0.999245
NEXT
-0.184499    0.113207    0.341503    0.000412539    -0.0024988    -0.0434195    0.999042
-0.168402    0.112179    0.341621    -0.0339512    -0.00444507    -0.0214189    0.999132
-0.157294    0.112257    0.341729    -0.0242726    -0.00441102    -0.00477647    0.999528
-0.147379    0.112554    0.341787    -0.0070914    -0.00200053    0.00240753    0.999877
-0.137404    0.112853    0.341814    -0.00169668    -0.00112558    0.00661166    0.999955
-0.126946    0.113089    0.341849    -0.0112415    -0.00285046    0.0096743    0.999886
-0.11633    0.113271    0.341947    -0.0158246    -0.00641539    0.0115661    0.999779
-0.105793    0.113421    0.342061    -0.00935429    -0.0029961    0.0121341    0.999864
-0.0953209    0.113564    0.342016    -0.00697317    0.00672217    0.012239    0.999865
-0.0848724    0.113713    0.341874    -0.0106945    0.00411219    0.0118443    0.999853
-0.0743987    0.11386    0.34192    -0.00923919    -0.00746912    0.0110588    0.99986
-0.0638961    0.114001    0.342072    -0.00178692    -0.00419482    0.0100947    0.999932
-0.0533917    0.114135    0.342022    0.00539108    0.00734222    0.00906925    0.999913
-0.0428968    0.114266    0.341862    0.00813434    0.0056692    0.00822434    0.999915
-0.0324134    0.1144    0.341833    0.00412444    -0.00162629    0.00768292    0.99996
-0.0219374    0.114545    0.341873    -0.00252065    -0.000808565    0.00738471    0.999969
-0.0114622    0.114707    0.341848    -0.00663434    0.00266312    0.00698522    0.99995
-0.000980254    0.114877    0.341781    -0.00898838    0.00314018    0.00622913    0.999933
0.00951313    0.115047    0.341717    -0.0113685    0.00283857    0.00526667    0.999914
0.0200148    0.115213    0.341654    -0.0140876    0.00303157    0.00438656    0.999881
0.030511    0.115375    0.341602    -0.0159588    0.00105992    0.00394007    0.999857
0.0409709    0.115541    0.341625    -0.013483    -0.00365772    0.00393435    0.999886
0.0513967    0.115714    0.341728    -0.00704161    -0.00569946    0.00403165    0.999942
0.0618397    0.115886    0.341832    -0.0024755    -0.00357921    0.00417408    0.999974
0.0723478    0.116048    0.341846    0.00033916    0.00299185    0.0049693    0.999981
0.0829447    0.116185    0.341681    0.00733083    0.0123612    0.00771431    0.999865
0.0934108    0.116278    0.34135    0.0182969    0.0188652    0.0122702    0.999537
0.103426    0.116311    0.34095    0.0285883    0.0190193    0.0179994    0.999097
0.113313    0.116323    0.340692    0.0331999    0.00484845    0.0252571    0.998826
0.124049    0.116473    0.340938    0.0260482    -0.0313296    0.0401428    0.998109
NEXT
0.123379    0.121773    0.341147    0.00729856    -0.0245664    0.0282617    0.998791
0.112793    0.121952    0.340973    0.00684528    0.00450599    0.014507    0.999557
0.103071    0.122105    0.341183    0.00311384    0.0152353    0.00857256    0.999745
0.093226    0.122154    0.341492    0.000206281    0.0143392    0.00392388    0.999883
0.0829013    0.122097    0.341733    -0.00116598    0.00877736    0.000236383    0.99995
0.0723875    0.121961    0.341842    -0.00135171    0.00137307    -0.00143681    0.999953
0.0619011    0.121774    0.341803    -0.00105995    -0.00470262    -0.00101753    0.999931
0.0514521    0.121568    0.341663    -0.00160692    -0.00801805    4.10358e-05    0.999918
0.0410132    0.121364    0.341511    -0.00318277    -0.00554576    0.00112347    0.999943
0.0305378    0.121169    0.341467    -0.00479555    0.00105159    0.00203056    0.999962
0.0200237    0.120982    0.341527    -0.0060442    0.00378759    0.00308133    0.999954
0.00949889    0.120797    0.341604    -0.00699785    0.00336694    0.00438341    0.99995
-0.0010203    0.120613    0.341674    -0.00825131    0.00325651    0.00564139    0.99994
-0.0115263    0.120437    0.341743    -0.0102306    0.00291329    0.00668312    0.99992
-0.0220231    0.120273    0.341791    -0.0107224    0.00124266    0.0074721    0.999914
-0.0325187    0.120126    0.34181    -0.00797173    0.00128999    0.0081676    0.999933
-0.0430225    0.119992    0.34188    -0.00582478    0.00593997    0.00898744    0.999921
-0.0535403    0.119866    0.342018    -0.00701149    0.00506138    0.0100027    0.999904
-0.0640678    0.11974    0.342014    -0.00768415    -0.00668392    0.0111386    0.999873
-0.0745917    0.119612    0.341825    -0.00513744    -0.00815092    0.0122737    0.99986
-0.0850844    0.119477    0.341798    -0.000126285    0.00654972    0.0133811    0.999866
-0.0955468    0.119338    0.341984    0.00383961    0.00773638    0.0141245    0.999835
-0.106021    0.119202    0.341988    -0.000983886    -0.00758446    0.014222    0.99984
-0.116532    0.119052    0.341779    -0.0118541    -0.00933931    0.0137752    0.999775
-0.12707    0.118851    0.3417    -0.0149588    0.00103659    0.0117507    0.999818
-0.137404    0.118576    0.341737    -0.0131841    -0.000278806    0.00801487    0.999853
-0.147231    0.118229    0.341629    -0.02116    -0.0109502    0.00255576    0.999581
-0.156991    0.117889    0.341371    -0.037225    -0.0150409    -0.00766437    0.99891
-0.167923    0.1178    0.341147    -0.0456918    -0.00182676    -0.0326924    0.998217
NEXT
-0.167234    0.123926    0.340664    -0.028409    -0.00041552    -0.0297526    0.998941
-0.156759    0.124025    0.340989    -0.0168293    -0.0232677    0.0106334    0.999525
-0.147235    0.124348    0.341391    -0.00680095    -0.0173497    0.0237774    0.99953
-0.137564    0.124696    0.341588    0.000135068    -0.00271311    0.027035    0.999574
-0.127343    0.12499    0.341592    0.00708727    -0.000859505    0.026608    0.99952
-0.116863    0.12521    0.341752    0.0143425    -0.0150178    0.0240887    0.999375
-0.106355    0.125366    0.342093    0.0198127    -0.0130548    0.0209238    0.999396
-0.0958578    0.1255    0.342154    0.0219771    0.00756512    0.0182966    0.999491
-0.0853638    0.125631    0.341925    0.0195608    0.0106229    0.0159489    0.999576
-0.0748398    0.125755    0.341844    0.00956743    -0.00227057    0.0139819    0.999819
-0.0642867    0.125874    0.341922    -0.00418572    -0.00246643    0.0125838    0.999885
-0.0537294    0.125999    0.341876    -0.0125369    0.00580312    0.0114725    0.999825
-0.0431811    0.126136    0.341737    -0.0139744    0.00559203    0.0104791    0.999826
-0.0326469    0.126293    0.341671    -0.0112453    0.000960941    0.00955303    0.999889
-0.0221199    0.12647    0.341669    -0.00551214    -0.000344233    0.00859888    0.999948
-0.0115891    0.126671    0.34167    0.00222882    0.000301865    0.00757234    0.999966
-0.00104522    0.126897    0.341655    0.00883276    0.00137749    0.00641466    0.999927
0.00951616    0.127147    0.341619    0.0124928    0.00206071    0.00492097    0.99988
0.0200868    0.127416    0.34158    0.0162053    0.00182619    0.00290692    0.999812
0.0306527    0.127698    0.341567    0.0207582    -0.000584361    0.000350577    0.999695
0.0411938    0.127997    0.341634    0.0217071    -0.0051911    -0.00314751    0.999588
0.0517126    0.128309    0.341767    0.0173362    -0.00592899    -0.00802546    0.999539
0.0622417    0.128613    0.341857    0.00977805    -0.00154236    -0.0138942    0.999471
0.0727769    0.128871    0.341821    7.08449e-05    0.00550128    -0.020239    0.999313
0.0832626    0.129027    0.341616    -0.0119026    0.0136682    -0.0255861    0.999065
0.0934794    0.129029    0.341282    -0.024065    0.0184349    -0.0295663    0.998788
0.103163    0.12883    0.340927    -0.03241    0.0168183    -0.0330131    0.998656
0.112676    0.128366    0.34074    -0.0336542    0.00241676    -0.0342281    0.998842
NEXT
-0.0752348    0.133758    0.342143    0.025816    0.00836644    0.0159773    0.999448
-0.0858413    0.133644    0.342365    0.0323101    0.0129433    0.0192548    0.999114
-0.096457    0.133521    0.342604    0.0312954    0.00762595    0.0246488    0.999004
-0.10712    0.133383    0.342597    0.0414502    -0.007648    0.0326272    0.998251
-0.117821    0.133207    0.34236    0.0598341    -0.0110659    0.0432966    0.996636
-0.128485    0.132964    0.342183    0.0644766    -0.0046968    0.0551072    0.995484
-0.138831    0.132682    0.342045    0.0562286    -0.00924603    0.0638297    0.995059
-0.14849    0.132429    0.341714    0.0480567    -0.0242144    0.0651295    0.994987
-0.157636    0.132241    0.341128    0.0347978    -0.0385667    0.0507613    0.996441
NEXT
0.123699    0.135566    0.340566    -0.0233669    -0.0403155    -0.127701    0.989878
NEXT
