-0.0238454    -0.0817048    0.195301    0.0151094    -0.0418533    -0.0158147    0.998713
-0.00341338    -0.0821055    0.196811    -0.00994792    -0.0174211    -0.0237735    0.999515
0.0169571    -0.0836402    0.197614    0.00458454    -0.0437874    -0.0278647    0.99848
NEXT
0.0575267    -0.067236    0.200546    0.0220781    -0.0306462    -0.0215962    0.999053
0.0374761    -0.0663201    0.199597    0.017413    -0.0248363    -0.0196407    0.999339
0.0174379    -0.06535    0.198277    0.0165845    -0.034685    -0.020581    0.999044
-0.00264558    -0.0644329    0.197288    0.0259399    -0.0207323    -0.0217854    0.999211
-0.0227507    -0.0635824    0.196205    0.026994    -0.0345583    -0.0231793    0.998765
-0.0428329    -0.062783    0.194892    0.0231979    -0.0164354    -0.0247385    0.99928
-0.0629531    -0.0617954    0.193897    0.0150647    -0.0402465    -0.0289172    0.998658
NEXT
-0.0819728    -0.0447473    0.193157    0.0203836    -0.0274648    -0.0195027    0.999222
-0.0621061    -0.045618    0.194314    0.0274427    -0.0394895    -0.02364    0.998564
-0.0419848    -0.0465569    0.195592    0.0229502    -0.0238097    -0.023351    0.99918
-0.0219552    -0.0474708    0.196815    0.012992    -0.0314985    -0.0228269    0.999159
-0.00194868    -0.0483622    0.197989    0.0110266    -0.0258288    -0.0221858    0.999359
0.0180547    -0.0492691    0.198949    0.0188863    -0.0262624    -0.02174    0.99924
0.0380742    -0.0502127    0.200075    0.0144811    -0.0303021    -0.0223933    0.999183
0.058252    -0.0511876    0.201324    0.0194428    -0.0309628    -0.0227293    0.999072
0.0781969    -0.0521813    0.202471    0.0161849    -0.0288073    -0.0272898    0.999081
NEXT
0.07889    -0.0358744    0.203081    0.0234512    -0.0256387    -0.0224166    0.999132
0.0589438    -0.0348593    0.201858    0.0143285    -0.0310115    -0.0225561    0.999161
0.0387626    -0.0339165    0.200763    0.0252289    -0.0275595    -0.0221269    0.999056
0.0187512    -0.0329746    0.199459    0.0152227    -0.0339196    -0.0227028    0.99905
-0.00123331    -0.0320401    0.198437    0.0203194    -0.0215667    -0.022021    0.999318
-0.021226    -0.031155    0.197452    0.0216967    -0.0296986    -0.0221148    0.999079
-0.0412411    -0.0302458    0.196231    0.015826    -0.0178087    -0.0223809    0.999466
-0.061394    -0.0293578    0.195269    0.0170951    -0.0376967    -0.0214716    0.998912
-0.0812041    -0.0285471    0.193781    0.0201689    -0.0355826    -0.0199329    0.998961
NEXT
-0.0805258    -0.0123374    0.194618    0.0209174    -0.0296275    -0.0198752    0.999144
-0.0606864    -0.0131464    0.195697    0.0174154    -0.0277851    -0.0218248    0.999224
-0.0405093    -0.0140447    0.196864    0.0171063    -0.0304059    -0.0228286    0.999131
-0.0204919    -0.0149435    0.19796    0.0159956    -0.022492    -0.0223966    0.999368
-0.000547619    -0.0158552    0.1993    0.0332797    -0.031547    -0.0218685    0.998709
0.0194237    -0.016776    0.200198    0.0266493    -0.0296815    -0.0219305    0.998962
0.0394369    -0.0177182    0.201507    0.0192657    -0.0263452    -0.0216684    0.999232
0.059628    -0.0186417    0.202461    0.0266243    -0.0309125    -0.0219129    0.998926
0.0794814    -0.0196073    0.203876    0.0210494    -0.0256293    -0.0226673    0.99919
NEXT
0.080144    -0.00333365    0.204295    0.0230624    -0.0344087    -0.0201493    0.998936
0.0602869    -0.00245883    0.203328    0.0229735    -0.022226    -0.0212802    0.999262
0.0400994    -0.00154922    0.202168    0.0215762    -0.0333807    -0.0221078    0.998965
0.0200982    -0.000632395    0.200948    0.0189723    -0.0315626    -0.0223156    0.999072
0.000145309    0.000274417    0.200012    0.00736195    -0.0267351    -0.0226849    0.999358
-0.0197802    0.00119966    0.198683    0.0209845    -0.0298788    -0.022237    0.999086
-0.0397832    0.00211784    0.197525    0.0224918    -0.0328946    -0.0221025    0.998961
-0.0599653    0.00303519    0.196361    0.021451    -0.0265529    -0.022084    0.999173
-0.0798139    0.00393827    0.195112    0.0182395    -0.0324704    -0.0222559    0.999059
NEXT
-0.079172    0.0202186    0.195918    0.0216579    -0.0195661    -0.0216105    0.99933
-0.0593048    0.0192282    0.197049    0.0186305    -0.0332132    -0.0217363    0.999036
-0.039126    0.0182863    0.198199    0.015948    -0.0259919    -0.0215827    0.999301
-0.0190945    0.0173522    0.19928    0.019364    -0.0246838    -0.0220233    0.999264
0.000867459    0.0164203    0.200373    0.0202262    -0.0251166    -0.0222524    0.999232
0.0208225    0.0155187    0.201546    0.0169139    -0.0417214    -0.022787    0.998726
0.0408286    0.014615    0.202854    0.018055    -0.0273618    -0.0227474    0.999204
0.0609837    0.0137194    0.203989    0.0184089    -0.0309934    -0.0220858    0.999106
0.0807105    0.0128816    0.205414    0.0245649    -0.0417407    -0.0199676    0.998627
NEXT
0.0814784    0.0290987    0.2061    0.0178506    -0.0329377    -0.0212034    0.999062
0.061707    0.0299104    0.204772    0.0278859    -0.0349657    -0.0223176    0.998751
0.0415594    0.0308088    0.203503    0.0195215    -0.0276608    -0.0223511    0.999177
0.0215431    0.0317037    0.202283    0.0266874    -0.0396643    -0.0221292    0.998612
0.00156809    0.0325992    0.201021    0.0211733    -0.0298183    -0.0220685    0.999087
-0.0184126    0.0335409    0.199849    0.0127058    -0.0238792    -0.0226652    0.999377
-0.0384512    0.0344945    0.198725    0.0219563    -0.0295444    -0.0222829    0.999073
-0.058665    0.0354661    0.197721    0.018108    -0.0241319    -0.0226034    0.999287
-0.0786308    0.036512    0.196577    0.021494    -0.0296512    -0.0234553    0.999041
NEXT
-0.0778403    0.0526095    0.197402    0.0238424    -0.0286048    -0.0282127    0.998899
-0.0579266    0.0516957    0.198214    0.0156347    -0.0228457    -0.0238349    0.999332
-0.0377829    0.0507427    0.199444    0.0200586    -0.0325046    -0.0219789    0.999027
-0.0177299    0.0498116    0.200482    0.027635    -0.0289255    -0.0215074    0.998967
0.00225606    0.0488866    0.2018    0.0242741    -0.0320094    -0.0215754    0.99896
0.0222595    0.0480205    0.203098    0.0185286    -0.0356557    -0.022368    0.998942
0.0423107    0.0471309    0.204103    0.0173607    -0.0315744    -0.0230751    0.999084
0.0624585    0.0462187    0.205623    0.0214978    -0.0354741    -0.0232818    0.998868
0.0822584    0.0453324    0.206877    0.0267824    -0.0366647    -0.0185809    0.998796
NEXT
0.0632572    0.0622688    0.206246    0.0130631    -0.0324686    -0.0276421    0.999005
0.0431395    0.0631997    0.204931    0.0344255    -0.031848    -0.0252335    0.998572
0.0230402    0.0640108    0.203722    0.0255877    -0.0366971    -0.0228994    0.998731
0.002917    0.0648396    0.202608    0.0220853    -0.0235853    -0.0210165    0.999256
-0.0171853    0.0658241    0.201444    0.0284593    -0.0324175    -0.0189647    0.998864
-0.0372564    0.0668979    0.200208    0.021666    -0.0361497    -0.0168447    0.99892
NEXT
